3201
6401
0 1 810
1 2 1269
2 3 985
3 4 524
4 5 506
5 6 352
6 7 589
7 8 297
8 9 1714
9 10 1906
10 11 1123
11 12 231
12 13 146
13 14 1543
14 15 371
15 16 1272
16 17 1104
17 18 302
18 19 333
19 20 1233
20 21 1067
21 22 1324
22 23 1555
23 24 443
24 25 1240
25 26 1310
26 27 1543
27 28 1774
28 29 1105
29 30 340
30 31 1130
31 32 1746
32 33 271
33 34 1003
34 35 1315
35 36 34
36 37 1910
37 38 129
38 39 1374
39 40 1655
40 41 667
41 42 1094
42 43 1617
43 44 1878
44 45 1526
45 46 727
46 47 776
47 48 523
48 49 1859
49 50 1206
50 51 474
51 52 402
52 53 79
53 54 1845
54 55 1264
55 56 1196
56 57 1685
57 58 533
58 59 160
59 60 1986
60 61 533
61 62 191
62 63 715
63 64 906
64 65 1199
65 66 1909
66 67 1243
67 68 1790
68 69 712
69 70 1563
70 71 669
71 72 346
72 73 1362
73 74 57
74 75 1803
75 76 989
76 77 1277
77 78 1058
78 79 37
79 80 417
80 81 1615
81 82 1785
82 83 849
83 84 691
84 85 1313
85 86 622
86 87 1125
87 88 1131
88 89 1754
89 90 1339
90 91 1661
91 92 1562
92 93 1276
93 94 637
94 95 674
95 96 396
96 97 713
97 98 979
98 99 1944
99 100 1384
100 101 1687
101 102 122
102 103 1641
103 104 32
104 105 1488
105 106 1128
106 107 1796
107 108 452
108 109 1076
109 110 1218
110 111 1627
111 112 1644
112 113 1693
113 114 1834
114 115 276
115 116 764
116 117 1256
117 118 651
118 119 50
119 120 310
120 121 651
121 122 1768
122 123 1168
123 124 23
124 125 1857
125 126 1687
126 127 1962
127 128 975
128 129 449
129 130 591
130 131 608
131 132 1594
132 133 1589
133 134 37
134 135 920
135 136 1616
136 137 1997
137 138 1246
138 139 1371
139 140 1776
140 141 1063
141 142 311
142 143 992
143 144 1653
144 145 627
145 146 1728
146 147 1130
147 148 235
148 149 545
149 150 1852
150 151 1284
151 152 784
152 153 882
153 154 403
154 155 1371
155 156 660
156 157 571
157 158 1371
158 159 240
159 160 1443
160 161 662
161 162 622
162 163 1100
163 164 1350
164 165 1006
165 166 221
166 167 204
167 168 1421
168 169 1057
169 170 810
170 171 654
171 172 958
172 173 916
173 174 1251
174 175 240
175 176 996
176 177 122
177 178 901
178 179 191
179 180 515
180 181 813
181 182 1782
182 183 543
183 184 1253
184 185 600
185 186 1539
186 187 1209
187 188 999
188 189 618
189 190 870
190 191 1328
191 192 1682
192 193 537
193 194 1695
194 195 395
195 196 576
196 197 1310
197 198 1399
198 199 1334
199 200 342
200 201 1404
201 202 1775
202 203 126
203 204 1890
204 205 1844
205 206 1887
206 207 1409
207 208 1325
208 209 576
209 210 708
210 211 492
211 212 1853
212 213 587
213 214 1409
214 215 763
215 216 1452
216 217 169
217 218 1997
218 219 1902
219 220 250
220 221 1834
221 222 1811
222 223 45
223 224 1004
224 225 547
225 226 186
226 227 1958
227 228 1284
228 229 1374
229 230 235
230 231 1398
231 232 173
232 233 1378
233 234 510
234 235 945
235 236 901
236 237 629
237 238 1938
238 239 446
239 240 451
240 241 1344
241 242 977
242 243 1401
243 244 349
244 245 668
245 246 774
246 247 812
247 248 454
248 249 40
249 250 781
250 251 988
251 252 1171
252 253 9
253 254 36
254 255 900
255 256 126
256 257 26
257 258 1969
258 259 1019
259 260 1407
260 261 1773
261 262 91
262 263 1963
263 264 1628
264 265 58
265 266 1377
266 267 915
267 268 1470
268 269 1178
269 270 1265
270 271 786
271 272 93
272 273 811
273 274 653
274 275 1677
275 276 1022
276 277 1765
277 278 1623
278 279 713
279 280 1010
280 281 1474
281 282 265
282 283 1668
283 284 971
284 285 63
285 286 481
286 287 527
287 288 1158
288 289 647
289 290 1809
290 291 757
291 292 1358
292 293 1014
293 294 1632
294 295 1116
295 296 1684
296 297 426
297 298 720
298 299 234
299 300 1707
300 301 684
301 302 1439
302 303 823
303 304 1823
304 305 665
305 306 1555
306 307 748
307 308 472
308 309 1761
309 310 1253
310 311 1857
311 312 637
312 313 1647
313 314 1003
314 315 1502
315 316 82
316 317 1333
317 318 1475
318 319 1611
319 320 766
320 321 1961
321 322 374
322 323 1348
323 324 935
324 325 184
325 326 1103
326 327 148
327 328 724
328 329 1506
329 330 1062
330 331 1024
331 332 359
332 333 1263
333 334 659
334 335 233
335 336 1747
336 337 1501
337 338 1440
338 339 1173
339 340 1350
340 341 852
341 342 1744
342 343 855
343 344 1735
344 345 1722
345 346 1067
346 347 88
347 348 1486
348 349 221
349 350 1019
350 351 37
351 352 1820
352 353 1544
353 354 1120
354 355 1197
355 356 589
356 357 217
357 358 800
358 359 1415
359 360 289
360 361 873
361 362 1177
362 363 1281
363 364 696
364 365 1939
365 366 712
366 367 1017
367 368 1100
368 369 1142
369 370 1956
370 371 1893
371 372 1620
372 373 488
373 374 206
374 375 995
375 376 1182
376 377 751
377 378 1864
378 379 1448
379 380 1511
380 381 1302
381 382 1601
382 383 1619
383 384 476
384 385 12
385 386 488
386 387 304
387 388 1823
388 389 694
389 390 735
390 391 1002
391 392 1184
392 393 125
393 394 497
394 395 1623
395 396 1367
396 397 1141
397 398 1504
398 399 1438
399 400 221
400 401 1148
401 402 1922
402 403 94
403 404 974
404 405 149
405 406 1133
406 407 1101
407 408 416
408 409 1199
409 410 1797
410 411 1155
411 412 1778
412 413 183
413 414 1273
414 415 1779
415 416 1688
416 417 21
417 418 1760
418 419 1734
419 420 1170
420 421 1362
421 422 1042
422 423 1633
423 424 1339
424 425 754
425 426 197
426 427 420
427 428 1859
428 429 1468
429 430 1829
430 431 853
431 432 1709
432 433 1573
433 434 648
434 435 1932
435 436 1653
436 437 1871
437 438 1980
438 439 1760
439 440 836
440 441 1368
441 442 1660
442 443 1479
443 444 851
444 445 80
445 446 94
446 447 1585
447 448 511
448 449 737
449 450 518
450 451 328
451 452 247
452 453 784
453 454 1442
454 455 1596
455 456 1819
456 457 359
457 458 1129
458 459 1328
459 460 994
460 461 1264
461 462 872
462 463 1735
463 464 151
464 465 442
465 466 415
466 467 1172
467 468 1326
468 469 1938
469 470 1982
470 471 840
471 472 1733
472 473 1574
473 474 1363
474 475 1545
475 476 1915
476 477 1400
477 478 1695
478 479 128
479 480 1819
480 481 670
481 482 580
482 483 1487
483 484 1936
484 485 1907
485 486 152
486 487 1362
487 488 1906
488 489 132
489 490 328
490 491 1610
491 492 942
492 493 1397
493 494 41
494 495 1146
495 496 1623
496 497 392
497 498 1880
498 499 1432
499 500 1863
500 501 938
501 502 1573
502 503 1544
503 504 280
504 505 569
505 506 1992
506 507 1505
507 508 1755
508 509 285
509 510 1153
510 511 1384
511 512 1420
512 513 1483
513 514 1321
514 515 1420
515 516 380
516 517 259
517 518 221
518 519 389
519 520 1429
520 521 268
521 522 1751
522 523 1599
523 524 106
524 525 1591
525 526 380
526 527 626
527 528 1999
528 529 516
529 530 1176
530 531 1211
531 532 1598
532 533 1595
533 534 1722
534 535 293
535 536 1621
536 537 861
537 538 1625
538 539 1053
539 540 895
540 541 838
541 542 1776
542 543 663
543 544 1862
544 545 520
545 546 121
546 547 840
547 548 348
548 549 28
549 550 1688
550 551 245
551 552 1558
552 553 1761
553 554 19
554 555 279
555 556 582
556 557 1189
557 558 316
558 559 1821
559 560 829
560 561 836
561 562 1380
562 563 315
563 564 1498
564 565 1654
565 566 1403
566 567 1712
567 568 1557
568 569 621
569 570 903
570 571 292
571 572 624
572 573 1668
573 574 1762
574 575 1929
575 576 1832
576 577 1392
577 578 568
578 579 21
579 580 1975
580 581 546
581 582 1323
582 583 1273
583 584 413
584 585 1522
585 586 526
586 587 723
587 588 1811
588 589 1701
589 590 1443
590 591 146
591 592 357
592 593 1591
593 594 327
594 595 1573
595 596 744
596 597 902
597 598 1287
598 599 1221
599 600 1489
600 601 752
601 602 1091
602 603 1767
603 604 169
604 605 1736
605 606 388
606 607 1364
607 608 958
608 609 779
609 610 439
610 611 672
611 612 601
612 613 343
613 614 1673
614 615 127
615 616 275
616 617 843
617 618 1490
618 619 1835
619 620 840
620 621 191
621 622 1477
622 623 1062
623 624 495
624 625 294
625 626 619
626 627 275
627 628 1736
628 629 995
629 630 1307
630 631 221
631 632 926
632 633 460
633 634 1462
634 635 1604
635 636 898
636 637 1809
637 638 12
638 639 593
639 640 1489
640 641 1921
641 642 687
642 643 1480
643 644 221
644 645 403
645 646 121
646 647 388
647 648 1038
648 649 151
649 650 1757
650 651 1527
651 652 773
652 653 1457
653 654 1199
654 655 1554
655 656 603
656 657 1991
657 658 613
658 659 1757
659 660 1301
660 661 981
661 662 1291
662 663 1633
663 664 410
664 665 1281
665 666 821
666 667 638
667 668 360
668 669 1797
669 670 1545
670 671 781
671 672 1113
672 673 1300
673 674 258
674 675 1543
675 676 380
676 677 1384
677 678 1575
678 679 807
679 680 1279
680 681 1082
681 682 1900
682 683 1211
683 684 1810
684 685 650
685 686 1071
686 687 1299
687 688 1384
688 689 770
689 690 1493
690 691 1627
691 692 716
692 693 800
693 694 314
694 695 588
695 696 1823
696 697 1894
697 698 475
698 699 600
699 700 1374
700 701 240
701 702 144
702 703 1304
703 704 467
704 705 408
705 706 560
706 707 1828
707 708 852
708 709 1420
709 710 1447
710 711 1125
711 712 291
712 713 877
713 714 1738
714 715 1769
715 716 1348
716 717 890
717 718 317
718 719 233
719 720 1249
720 721 1096
721 722 1892
722 723 1587
723 724 1688
724 725 572
725 726 747
726 727 1356
727 728 609
728 729 799
729 730 1878
730 731 1033
731 732 1666
732 733 1610
733 734 549
734 735 484
735 736 1568
736 737 1043
737 738 1124
738 739 1598
739 740 43
740 741 163
741 742 950
742 743 1179
743 744 753
744 745 1846
745 746 795
746 747 1407
747 748 721
748 749 286
749 750 195
750 751 423
751 752 983
752 753 1686
753 754 265
754 755 309
755 756 96
756 757 1711
757 758 221
758 759 729
759 760 172
760 761 1202
761 762 926
762 763 639
763 764 1200
764 765 1556
765 766 1883
766 767 981
767 768 1594
768 769 1745
769 770 857
770 771 1437
771 772 742
772 773 127
773 774 1482
774 775 794
775 776 486
776 777 94
777 778 1952
778 779 40
779 780 1510
780 781 1831
781 782 919
782 783 380
783 784 210
784 785 489
785 786 1401
786 787 1452
787 788 585
788 789 276
789 790 313
790 791 997
791 792 1090
792 793 1391
793 794 1315
794 795 1611
795 796 87
796 797 841
797 798 908
798 799 1508
799 800 188
800 801 28
801 802 112
802 803 1726
803 804 1053
804 805 638
805 806 774
806 807 1727
807 808 1528
808 809 53
809 810 596
810 811 1195
811 812 1304
812 813 298
813 814 1268
814 815 357
815 816 1260
816 817 1350
817 818 1024
818 819 249
819 820 1405
820 821 1692
821 822 1673
822 823 1482
823 824 543
824 825 750
825 826 220
826 827 854
827 828 388
828 829 903
829 830 1666
830 831 350
831 832 1095
832 833 465
833 834 437
834 835 1230
835 836 877
836 837 1559
837 838 267
838 839 291
839 840 679
840 841 966
841 842 899
842 843 1665
843 844 1127
844 845 1501
845 846 1889
846 847 1611
847 848 409
848 849 1950
849 850 1350
850 851 1008
851 852 1027
852 853 1782
853 854 1289
854 855 1087
855 856 284
856 857 1936
857 858 858
858 859 609
859 860 491
860 861 242
861 862 1978
862 863 1872
863 864 1268
864 865 1286
865 866 204
866 867 1611
867 868 611
868 869 1920
869 870 704
870 871 506
871 872 1021
872 873 1942
873 874 799
874 875 1771
875 876 1238
876 877 1282
877 878 553
878 879 309
879 880 665
880 881 1435
881 882 504
882 883 781
883 884 445
884 885 1707
885 886 1749
886 887 1265
887 888 1792
888 889 1679
889 890 1074
890 891 1669
891 892 995
892 893 962
893 894 1631
894 895 1757
895 896 1867
896 897 1771
897 898 132
898 899 1689
899 900 1756
900 901 1758
901 902 1125
902 903 1638
903 904 796
904 905 1908
905 906 1784
906 907 772
907 908 1521
908 909 1759
909 910 364
910 911 872
911 912 472
912 913 1968
913 914 1283
914 915 1343
915 916 511
916 917 1237
917 918 310
918 919 602
919 920 693
920 921 1131
921 922 863
922 923 783
923 924 198
924 925 260
925 926 1730
926 927 1704
927 928 1394
928 929 844
929 930 661
930 931 1251
931 932 610
932 933 696
933 934 1437
934 935 1064
935 936 43
936 937 885
937 938 851
938 939 1944
939 940 1962
940 941 1137
941 942 779
942 943 478
943 944 1449
944 945 114
945 946 366
946 947 1711
947 948 179
948 949 77
949 950 1445
950 951 1050
951 952 225
952 953 571
953 954 1861
954 955 1945
955 956 398
956 957 860
957 958 936
958 959 1186
959 960 1904
960 961 385
961 962 790
962 963 1209
963 964 1537
964 965 1590
965 966 1638
966 967 1545
967 968 275
968 969 818
969 970 1513
970 971 1904
971 972 1667
972 973 1554
973 974 1884
974 975 1911
975 976 797
976 977 449
977 978 518
978 979 1203
979 980 1066
980 981 784
981 982 1823
982 983 492
983 984 1096
984 985 1053
985 986 1251
986 987 1120
987 988 208
988 989 1006
989 990 705
990 991 947
991 992 162
992 993 1882
993 994 1668
994 995 1360
995 996 968
996 997 329
997 998 989
998 999 58
999 1000 1371
1000 1001 1161
1001 1002 351
1002 1003 731
1003 1004 483
1004 1005 1429
1005 1006 158
1006 1007 1825
1007 1008 437
1008 1009 1925
1009 1010 1317
1010 1011 1086
1011 1012 1818
1012 1013 1313
1013 1014 709
1014 1015 169
1015 1016 1301
1016 1017 236
1017 1018 1643
1018 1019 1757
1019 1020 1765
1020 1021 34
1021 1022 1197
1022 1023 315
1023 1024 546
1024 1025 1340
1025 1026 1793
1026 1027 325
1027 1028 550
1028 1029 1717
1029 1030 305
1030 1031 990
1031 1032 1993
1032 1033 1062
1033 1034 1859
1034 1035 970
1035 1036 956
1036 1037 1883
1037 1038 1537
1038 1039 1437
1039 1040 1744
1040 1041 1078
1041 1042 1173
1042 1043 1415
1043 1044 418
1044 1045 1316
1045 1046 1897
1046 1047 464
1047 1048 1118
1048 1049 776
1049 1050 400
1050 1051 737
1051 1052 1189
1052 1053 1822
1053 1054 1941
1054 1055 76
1055 1056 1540
1056 1057 980
1057 1058 1087
1058 1059 1069
1059 1060 1650
1060 1061 249
1061 1062 255
1062 1063 1309
1063 1064 444
1064 1065 77
1065 1066 978
1066 1067 878
1067 1068 90
1068 1069 85
1069 1070 917
1070 1071 469
1071 1072 462
1072 1073 337
1073 1074 1259
1074 1075 1740
1075 1076 1002
1076 1077 371
1077 1078 1975
1078 1079 401
1079 1080 684
1080 1081 1972
1081 1082 1933
1082 1083 1487
1083 1084 428
1084 1085 482
1085 1086 1964
1086 1087 1108
1087 1088 333
1088 1089 1618
1089 1090 1676
1090 1091 1060
1091 1092 1644
1092 1093 157
1093 1094 1767
1094 1095 1556
1095 1096 305
1096 1097 337
1097 1098 18
1098 1099 107
1099 1100 1100
1100 1101 1629
1101 1102 862
1102 1103 1294
1103 1104 438
1104 1105 53
1105 1106 1839
1106 1107 1175
1107 1108 1835
1108 1109 1992
1109 1110 1706
1110 1111 559
1111 1112 350
1112 1113 1018
1113 1114 605
1114 1115 1222
1115 1116 931
1116 1117 1016
1117 1118 559
1118 1119 1571
1119 1120 196
1120 1121 750
1121 1122 349
1122 1123 804
1123 1124 1890
1124 1125 1221
1125 1126 859
1126 1127 1540
1127 1128 1298
1128 1129 1198
1129 1130 169
1130 1131 531
1131 1132 1848
1132 1133 1907
1133 1134 66
1134 1135 941
1135 1136 1108
1136 1137 903
1137 1138 102
1138 1139 1657
1139 1140 1950
1140 1141 1851
1141 1142 1581
1142 1143 646
1143 1144 1377
1144 1145 1879
1145 1146 1779
1146 1147 1788
1147 1148 1698
1148 1149 12
1149 1150 189
1150 1151 193
1151 1152 676
1152 1153 978
1153 1154 1352
1154 1155 641
1155 1156 1287
1156 1157 210
1157 1158 1096
1158 1159 1463
1159 1160 1737
1160 1161 1970
1161 1162 387
1162 1163 385
1163 1164 1454
1164 1165 689
1165 1166 1847
1166 1167 1518
1167 1168 1310
1168 1169 970
1169 1170 1882
1170 1171 650
1171 1172 1157
1172 1173 543
1173 1174 880
1174 1175 1038
1175 1176 585
1176 1177 558
1177 1178 183
1178 1179 740
1179 1180 1193
1180 1181 948
1181 1182 1556
1182 1183 1905
1183 1184 777
1184 1185 877
1185 1186 331
1186 1187 621
1187 1188 1890
1188 1189 1327
1189 1190 337
1190 1191 1740
1191 1192 405
1192 1193 1614
1193 1194 1683
1194 1195 45
1195 1196 1486
1196 1197 685
1197 1198 174
1198 1199 745
1199 1200 888
1200 1201 1243
1201 1202 1010
1202 1203 259
1203 1204 1032
1204 1205 1017
1205 1206 24
1206 1207 613
1207 1208 1834
1208 1209 1265
1209 1210 2000
1210 1211 784
1211 1212 807
1212 1213 1258
1213 1214 714
1214 1215 1539
1215 1216 1326
1216 1217 24
1217 1218 490
1218 1219 867
1219 1220 183
1220 1221 1205
1221 1222 968
1222 1223 527
1223 1224 905
1224 1225 1923
1225 1226 1779
1226 1227 1063
1227 1228 1786
1228 1229 408
1229 1230 1882
1230 1231 1338
1231 1232 414
1232 1233 1026
1233 1234 831
1234 1235 1135
1235 1236 1852
1236 1237 1492
1237 1238 1996
1238 1239 664
1239 1240 106
1240 1241 417
1241 1242 63
1242 1243 111
1243 1244 140
1244 1245 1230
1245 1246 321
1246 1247 297
1247 1248 1794
1248 1249 262
1249 1250 1682
1250 1251 1014
1251 1252 1654
1252 1253 864
1253 1254 196
1254 1255 180
1255 1256 1070
1256 1257 1515
1257 1258 736
1258 1259 1352
1259 1260 1138
1260 1261 1415
1261 1262 70
1262 1263 4
1263 1264 1822
1264 1265 77
1265 1266 1256
1266 1267 26
1267 1268 210
1268 1269 1094
1269 1270 201
1270 1271 893
1271 1272 1265
1272 1273 1114
1273 1274 248
1274 1275 1516
1275 1276 956
1276 1277 208
1277 1278 1423
1278 1279 662
1279 1280 989
1280 1281 1349
1281 1282 1785
1282 1283 430
1283 1284 1476
1284 1285 1169
1285 1286 1661
1286 1287 749
1287 1288 928
1288 1289 905
1289 1290 1513
1290 1291 1320
1291 1292 1967
1292 1293 657
1293 1294 873
1294 1295 807
1295 1296 1666
1296 1297 1653
1297 1298 1982
1298 1299 1996
1299 1300 822
1300 1301 298
1301 1302 1364
1302 1303 160
1303 1304 1883
1304 1305 1633
1305 1306 388
1306 1307 1522
1307 1308 749
1308 1309 1176
1309 1310 82
1310 1311 1378
1311 1312 946
1312 1313 1094
1313 1314 697
1314 1315 624
1315 1316 1974
1316 1317 118
1317 1318 242
1318 1319 1188
1319 1320 717
1320 1321 1766
1321 1322 1342
1322 1323 1748
1323 1324 937
1324 1325 1524
1325 1326 323
1326 1327 672
1327 1328 1470
1328 1329 535
1329 1330 181
1330 1331 1094
1331 1332 1238
1332 1333 916
1333 1334 122
1334 1335 1118
1335 1336 1496
1336 1337 1159
1337 1338 402
1338 1339 818
1339 1340 1313
1340 1341 1718
1341 1342 1735
1342 1343 1132
1343 1344 584
1344 1345 381
1345 1346 1794
1346 1347 849
1347 1348 420
1348 1349 1708
1349 1350 1996
1350 1351 1263
1351 1352 944
1352 1353 918
1353 1354 690
1354 1355 624
1355 1356 189
1356 1357 1774
1357 1358 750
1358 1359 24
1359 1360 1538
1360 1361 1986
1361 1362 1361
1362 1363 1202
1363 1364 697
1364 1365 90
1365 1366 793
1366 1367 761
1367 1368 1225
1368 1369 1239
1369 1370 732
1370 1371 1943
1371 1372 546
1372 1373 1952
1373 1374 770
1374 1375 1390
1375 1376 263
1376 1377 1361
1377 1378 687
1378 1379 178
1379 1380 1130
1380 1381 1554
1381 1382 1266
1382 1383 1725
1383 1384 153
1384 1385 1231
1385 1386 1740
1386 1387 504
1387 1388 1699
1388 1389 1283
1389 1390 1092
1390 1391 1128
1391 1392 628
1392 1393 686
1393 1394 1779
1394 1395 1425
1395 1396 886
1396 1397 1600
1397 1398 1976
1398 1399 1984
1399 1400 882
1400 1401 806
1401 1402 1478
1402 1403 1106
1403 1404 1087
1404 1405 668
1405 1406 1936
1406 1407 724
1407 1408 1598
1408 1409 1407
1409 1410 1182
1410 1411 1894
1411 1412 585
1412 1413 1322
1413 1414 1175
1414 1415 179
1415 1416 62
1416 1417 371
1417 1418 1100
1418 1419 13
1419 1420 409
1420 1421 117
1421 1422 548
1422 1423 1110
1423 1424 1547
1424 1425 1081
1425 1426 1911
1426 1427 164
1427 1428 1338
1428 1429 738
1429 1430 466
1430 1431 523
1431 1432 374
1432 1433 1959
1433 1434 1486
1434 1435 1496
1435 1436 1019
1436 1437 934
1437 1438 283
1438 1439 779
1439 1440 583
1440 1441 404
1441 1442 827
1442 1443 1672
1443 1444 44
1444 1445 1654
1445 1446 289
1446 1447 1222
1447 1448 961
1448 1449 1857
1449 1450 618
1450 1451 1359
1451 1452 1512
1452 1453 1709
1453 1454 106
1454 1455 701
1455 1456 168
1456 1457 140
1457 1458 981
1458 1459 1729
1459 1460 945
1460 1461 1872
1461 1462 1192
1462 1463 1033
1463 1464 886
1464 1465 756
1465 1466 1745
1466 1467 455
1467 1468 365
1468 1469 1232
1469 1470 558
1470 1471 1083
1471 1472 119
1472 1473 202
1473 1474 1115
1474 1475 1749
1475 1476 1805
1476 1477 1175
1477 1478 1174
1478 1479 1664
1479 1480 291
1480 1481 1343
1481 1482 710
1482 1483 691
1483 1484 1193
1484 1485 685
1485 1486 474
1486 1487 1434
1487 1488 1445
1488 1489 570
1489 1490 1139
1490 1491 22
1491 1492 533
1492 1493 1038
1493 1494 1912
1494 1495 1182
1495 1496 107
1496 1497 576
1497 1498 1086
1498 1499 1894
1499 1500 1133
1500 1501 499
1501 1502 379
1502 1503 164
1503 1504 447
1504 1505 969
1505 1506 1218
1506 1507 903
1507 1508 1844
1508 1509 1113
1509 1510 819
1510 1511 175
1511 1512 536
1512 1513 559
1513 1514 1301
1514 1515 1413
1515 1516 59
1516 1517 1445
1517 1518 1722
1518 1519 1334
1519 1520 1693
1520 1521 883
1521 1522 903
1522 1523 895
1523 1524 1010
1524 1525 1567
1525 1526 1985
1526 1527 1761
1527 1528 87
1528 1529 908
1529 1530 1606
1530 1531 1655
1531 1532 144
1532 1533 487
1533 1534 1591
1534 1535 653
1535 1536 1873
1536 1537 697
1537 1538 1661
1538 1539 852
1539 1540 851
1540 1541 464
1541 1542 456
1542 1543 1167
1543 1544 1162
1544 1545 1
1545 1546 727
1546 1547 643
1547 1548 150
1548 1549 71
1549 1550 862
1550 1551 1766
1551 1552 81
1552 1553 1830
1553 1554 1978
1554 1555 1962
1555 1556 138
1556 1557 941
1557 1558 469
1558 1559 1634
1559 1560 544
1560 1561 1778
1561 1562 376
1562 1563 193
1563 1564 83
1564 1565 195
1565 1566 1301
1566 1567 1938
1567 1568 272
1568 1569 817
1569 1570 184
1570 1571 1589
1571 1572 1008
1572 1573 345
1573 1574 1825
1574 1575 1025
1575 1576 1904
1576 1577 639
1577 1578 1038
1578 1579 217
1579 1580 930
1580 1581 330
1581 1582 1833
1582 1583 201
1583 1584 1906
1584 1585 638
1585 1586 1400
1586 1587 1651
1587 1588 1446
1588 1589 18
1589 1590 1936
1590 1591 387
1591 1592 1417
1592 1593 153
1593 1594 956
1594 1595 551
1595 1596 1212
1596 1597 1677
1597 1598 1973
1598 1599 1369
1599 1600 1101
1600 1601 1289
1601 1602 1264
1602 1603 1269
1603 1604 1298
1604 1605 694
1605 1606 332
1606 1607 644
1607 1608 1924
1608 1609 486
1609 1610 1570
1610 1611 1151
1611 1612 1617
1612 1613 445
1613 1614 1141
1614 1615 669
1615 1616 361
1616 1617 10
1617 1618 1728
1618 1619 663
1619 1620 1941
1620 1621 1518
1621 1622 1147
1622 1623 1552
1623 1624 1262
1624 1625 1080
1625 1626 1152
1626 1627 1740
1627 1628 953
1628 1629 441
1629 1630 1129
1630 1631 29
1631 1632 76
1632 1633 628
1633 1634 619
1634 1635 1735
1635 1636 1155
1636 1637 650
1637 1638 835
1638 1639 97
1639 1640 1318
1640 1641 669
1641 1642 1232
1642 1643 1736
1643 1644 1926
1644 1645 1784
1645 1646 558
1646 1647 708
1647 1648 195
1648 1649 1001
1649 1650 1060
1650 1651 1759
1651 1652 757
1652 1653 1940
1653 1654 1814
1654 1655 1137
1655 1656 129
1656 1657 1122
1657 1658 1650
1658 1659 154
1659 1660 435
1660 1661 1362
1661 1662 858
1662 1663 1688
1663 1664 488
1664 1665 1175
1665 1666 1914
1666 1667 1896
1667 1668 1200
1668 1669 1369
1669 1670 439
1670 1671 490
1671 1672 1609
1672 1673 1507
1673 1674 1137
1674 1675 314
1675 1676 761
1676 1677 928
1677 1678 543
1678 1679 1545
1679 1680 1675
1680 1681 33
1681 1682 427
1682 1683 1133
1683 1684 1788
1684 1685 1821
1685 1686 1413
1686 1687 1472
1687 1688 998
1688 1689 50
1689 1690 1281
1690 1691 1787
1691 1692 397
1692 1693 1794
1693 1694 596
1694 1695 1636
1695 1696 951
1696 1697 1875
1697 1698 637
1698 1699 92
1699 1700 4
1700 1701 833
1701 1702 79
1702 1703 433
1703 1704 1467
1704 1705 1952
1705 1706 990
1706 1707 1048
1707 1708 1946
1708 1709 926
1709 1710 1715
1710 1711 495
1711 1712 546
1712 1713 1119
1713 1714 1076
1714 1715 750
1715 1716 180
1716 1717 1194
1717 1718 1123
1718 1719 1600
1719 1720 717
1720 1721 46
1721 1722 354
1722 1723 1281
1723 1724 171
1724 1725 1089
1725 1726 959
1726 1727 1111
1727 1728 503
1728 1729 604
1729 1730 947
1730 1731 647
1731 1732 1505
1732 1733 1580
1733 1734 1863
1734 1735 1116
1735 1736 859
1736 1737 1327
1737 1738 1362
1738 1739 588
1739 1740 1716
1740 1741 1833
1741 1742 1814
1742 1743 1596
1743 1744 1982
1744 1745 1851
1745 1746 817
1746 1747 1781
1747 1748 1194
1748 1749 956
1749 1750 1282
1750 1751 185
1751 1752 115
1752 1753 724
1753 1754 1256
1754 1755 1015
1755 1756 1673
1756 1757 359
1757 1758 781
1758 1759 1959
1759 1760 1603
1760 1761 1847
1761 1762 617
1762 1763 251
1763 1764 333
1764 1765 115
1765 1766 143
1766 1767 835
1767 1768 255
1768 1769 1161
1769 1770 470
1770 1771 1541
1771 1772 375
1772 1773 282
1773 1774 1724
1774 1775 759
1775 1776 715
1776 1777 1157
1777 1778 445
1778 1779 1590
1779 1780 147
1780 1781 990
1781 1782 1440
1782 1783 402
1783 1784 1392
1784 1785 1772
1785 1786 116
1786 1787 217
1787 1788 1506
1788 1789 1389
1789 1790 1189
1790 1791 343
1791 1792 347
1792 1793 1781
1793 1794 1498
1794 1795 986
1795 1796 422
1796 1797 1537
1797 1798 1653
1798 1799 1433
1799 1800 981
1800 1801 934
1801 1802 644
1802 1803 488
1803 1804 287
1804 1805 1135
1805 1806 854
1806 1807 1756
1807 1808 821
1808 1809 1687
1809 1810 1317
1810 1811 1991
1811 1812 1542
1812 1813 1444
1813 1814 27
1814 1815 123
1815 1816 847
1816 1817 971
1817 1818 513
1818 1819 1469
1819 1820 1738
1820 1821 1278
1821 1822 1970
1822 1823 681
1823 1824 889
1824 1825 1030
1825 1826 611
1826 1827 1071
1827 1828 1176
1828 1829 1758
1829 1830 1841
1830 1831 1933
1831 1832 1477
1832 1833 986
1833 1834 822
1834 1835 1644
1835 1836 356
1836 1837 476
1837 1838 310
1838 1839 518
1839 1840 1494
1840 1841 89
1841 1842 1593
1842 1843 1893
1843 1844 1108
1844 1845 1322
1845 1846 1278
1846 1847 1405
1847 1848 1063
1848 1849 1427
1849 1850 115
1850 1851 502
1851 1852 431
1852 1853 1348
1853 1854 463
1854 1855 1421
1855 1856 645
1856 1857 174
1857 1858 1743
1858 1859 320
1859 1860 734
1860 1861 389
1861 1862 1883
1862 1863 1161
1863 1864 461
1864 1865 729
1865 1866 1132
1866 1867 120
1867 1868 1171
1868 1869 1399
1869 1870 99
1870 1871 1877
1871 1872 515
1872 1873 338
1873 1874 896
1874 1875 1373
1875 1876 1662
1876 1877 49
1877 1878 1283
1878 1879 286
1879 1880 404
1880 1881 1306
1881 1882 197
1882 1883 1587
1883 1884 1411
1884 1885 279
1885 1886 1462
1886 1887 1071
1887 1888 1016
1888 1889 806
1889 1890 1891
1890 1891 405
1891 1892 1915
1892 1893 1445
1893 1894 176
1894 1895 446
1895 1896 245
1896 1897 1686
1897 1898 1669
1898 1899 365
1899 1900 1382
1900 1901 1073
1901 1902 1992
1902 1903 1190
1903 1904 742
1904 1905 1791
1905 1906 405
1906 1907 1999
1907 1908 1652
1908 1909 1404
1909 1910 1789
1910 1911 1091
1911 1912 1171
1912 1913 1082
1913 1914 1918
1914 1915 428
1915 1916 888
1916 1917 19
1917 1918 1209
1918 1919 414
1919 1920 850
1920 1921 728
1921 1922 1238
1922 1923 661
1923 1924 432
1924 1925 1961
1925 1926 1370
1926 1927 1836
1927 1928 905
1928 1929 1245
1929 1930 1024
1930 1931 1466
1931 1932 931
1932 1933 1869
1933 1934 1447
1934 1935 767
1935 1936 34
1936 1937 1513
1937 1938 1255
1938 1939 293
1939 1940 1069
1940 1941 1015
1941 1942 464
1942 1943 981
1943 1944 950
1944 1945 1428
1945 1946 1277
1946 1947 547
1947 1948 535
1948 1949 1526
1949 1950 1007
1950 1951 866
1951 1952 1290
1952 1953 1
1953 1954 1098
1954 1955 582
1955 1956 1235
1956 1957 772
1957 1958 1222
1958 1959 453
1959 1960 764
1960 1961 1292
1961 1962 1666
1962 1963 1914
1963 1964 367
1964 1965 636
1965 1966 1637
1966 1967 406
1967 1968 394
1968 1969 1878
1969 1970 302
1970 1971 974
1971 1972 1541
1972 1973 70
1973 1974 656
1974 1975 1716
1975 1976 172
1976 1977 1027
1977 1978 1327
1978 1979 101
1979 1980 1326
1980 1981 1756
1981 1982 185
1982 1983 843
1983 1984 1287
1984 1985 1490
1985 1986 29
1986 1987 1541
1987 1988 530
1988 1989 1487
1989 1990 174
1990 1991 1069
1991 1992 1692
1992 1993 1616
1993 1994 1183
1994 1995 202
1995 1996 1421
1996 1997 595
1997 1998 1429
1998 1999 340
1999 2000 1870
2000 2001 1919
2001 2002 1031
2002 2003 1807
2003 2004 720
2004 2005 1289
2005 2006 1578
2006 2007 585
2007 2008 553
2008 2009 1604
2009 2010 1466
2010 2011 1804
2011 2012 1715
2012 2013 764
2013 2014 1732
2014 2015 1466
2015 2016 181
2016 2017 842
2017 2018 504
2018 2019 1604
2019 2020 222
2020 2021 1294
2021 2022 1212
2022 2023 1273
2023 2024 752
2024 2025 1783
2025 2026 87
2026 2027 1858
2027 2028 460
2028 2029 1620
2029 2030 1589
2030 2031 1882
2031 2032 490
2032 2033 1096
2033 2034 209
2034 2035 19
2035 2036 189
2036 2037 1156
2037 2038 1495
2038 2039 1865
2039 2040 1668
2040 2041 707
2041 2042 1040
2042 2043 864
2043 2044 1529
2044 2045 1627
2045 2046 1696
2046 2047 487
2047 2048 432
2048 2049 72
2049 2050 1028
2050 2051 1064
2051 2052 69
2052 2053 1096
2053 2054 609
2054 2055 1823
2055 2056 816
2056 2057 1909
2057 2058 1958
2058 2059 638
2059 2060 1662
2060 2061 1170
2061 2062 1331
2062 2063 322
2063 2064 40
2064 2065 800
2065 2066 638
2066 2067 1095
2067 2068 888
2068 2069 312
2069 2070 1672
2070 2071 947
2071 2072 1008
2072 2073 525
2073 2074 1011
2074 2075 1459
2075 2076 1513
2076 2077 1214
2077 2078 1032
2078 2079 597
2079 2080 1916
2080 2081 434
2081 2082 157
2082 2083 256
2083 2084 501
2084 2085 862
2085 2086 984
2086 2087 1184
2087 2088 274
2088 2089 978
2089 2090 515
2090 2091 1419
2091 2092 1506
2092 2093 1387
2093 2094 1197
2094 2095 519
2095 2096 1362
2096 2097 1868
2097 2098 462
2098 2099 185
2099 2100 1065
2100 2101 1002
2101 2102 281
2102 2103 1739
2103 2104 533
2104 2105 676
2105 2106 1755
2106 2107 1390
2107 2108 345
2108 2109 1475
2109 2110 789
2110 2111 3
2111 2112 864
2112 2113 588
2113 2114 1355
2114 2115 802
2115 2116 364
2116 2117 357
2117 2118 1423
2118 2119 1956
2119 2120 10
2120 2121 1578
2121 2122 474
2122 2123 1795
2123 2124 1048
2124 2125 1413
2125 2126 1323
2126 2127 143
2127 2128 1042
2128 2129 1654
2129 2130 614
2130 2131 1559
2131 2132 1934
2132 2133 1447
2133 2134 322
2134 2135 110
2135 2136 859
2136 2137 1402
2137 2138 1758
2138 2139 877
2139 2140 158
2140 2141 1639
2141 2142 1285
2142 2143 1628
2143 2144 180
2144 2145 1005
2145 2146 63
2146 2147 960
2147 2148 859
2148 2149 745
2149 2150 411
2150 2151 1346
2151 2152 434
2152 2153 1820
2153 2154 1603
2154 2155 305
2155 2156 196
2156 2157 219
2157 2158 834
2158 2159 285
2159 2160 896
2160 2161 154
2161 2162 108
2162 2163 304
2163 2164 1867
2164 2165 152
2165 2166 571
2166 2167 886
2167 2168 762
2168 2169 1163
2169 2170 1220
2170 2171 1081
2171 2172 1152
2172 2173 1963
2173 2174 1944
2174 2175 1696
2175 2176 1004
2176 2177 1431
2177 2178 1224
2178 2179 1893
2179 2180 709
2180 2181 392
2181 2182 1590
2182 2183 721
2183 2184 1352
2184 2185 724
2185 2186 1245
2186 2187 935
2187 2188 1565
2188 2189 1949
2189 2190 1017
2190 2191 1049
2191 2192 1949
2192 2193 1584
2193 2194 902
2194 2195 1408
2195 2196 1232
2196 2197 297
2197 2198 1175
2198 2199 408
2199 2200 994
2200 2201 550
2201 2202 1473
2202 2203 575
2203 2204 1221
2204 2205 506
2205 2206 345
2206 2207 565
2207 2208 1569
2208 2209 824
2209 2210 1437
2210 2211 974
2211 2212 1394
2212 2213 1404
2213 2214 1186
2214 2215 1041
2215 2216 867
2216 2217 1143
2217 2218 1210
2218 2219 982
2219 2220 613
2220 2221 1089
2221 2222 271
2222 2223 684
2223 2224 426
2224 2225 1998
2225 2226 73
2226 2227 1757
2227 2228 1843
2228 2229 994
2229 2230 1094
2230 2231 859
2231 2232 1042
2232 2233 736
2233 2234 64
2234 2235 754
2235 2236 1307
2236 2237 1142
2237 2238 1839
2238 2239 919
2239 2240 1947
2240 2241 1048
2241 2242 1586
2242 2243 623
2243 2244 1332
2244 2245 595
2245 2246 815
2246 2247 1664
2247 2248 862
2248 2249 1508
2249 2250 1006
2250 2251 1599
2251 2252 645
2252 2253 388
2253 2254 1320
2254 2255 1286
2255 2256 1338
2256 2257 1045
2257 2258 254
2258 2259 1231
2259 2260 768
2260 2261 629
2261 2262 476
2262 2263 383
2263 2264 55
2264 2265 159
2265 2266 310
2266 2267 255
2267 2268 1655
2268 2269 1970
2269 2270 1284
2270 2271 986
2271 2272 1404
2272 2273 489
2273 2274 1953
2274 2275 1895
2275 2276 1737
2276 2277 355
2277 2278 613
2278 2279 1038
2279 2280 1173
2280 2281 1445
2281 2282 1537
2282 2283 1097
2283 2284 1211
2284 2285 979
2285 2286 1997
2286 2287 562
2287 2288 787
2288 2289 659
2289 2290 1937
2290 2291 1468
2291 2292 404
2292 2293 960
2293 2294 56
2294 2295 1325
2295 2296 1328
2296 2297 109
2297 2298 869
2298 2299 719
2299 2300 1483
2300 2301 1916
2301 2302 1822
2302 2303 702
2303 2304 1919
2304 2305 24
2305 2306 1005
2306 2307 558
2307 2308 1416
2308 2309 1700
2309 2310 1563
2310 2311 578
2311 2312 1795
2312 2313 1915
2313 2314 149
2314 2315 442
2315 2316 1324
2316 2317 1567
2317 2318 1006
2318 2319 983
2319 2320 565
2320 2321 17
2321 2322 1651
2322 2323 1865
2323 2324 739
2324 2325 912
2325 2326 18
2326 2327 368
2327 2328 427
2328 2329 1342
2329 2330 52
2330 2331 1535
2331 2332 1265
2332 2333 850
2333 2334 1122
2334 2335 1647
2335 2336 96
2336 2337 53
2337 2338 212
2338 2339 1235
2339 2340 1686
2340 2341 787
2341 2342 1482
2342 2343 773
2343 2344 1429
2344 2345 1789
2345 2346 39
2346 2347 151
2347 2348 1373
2348 2349 243
2349 2350 921
2350 2351 978
2351 2352 233
2352 2353 203
2353 2354 1996
2354 2355 1750
2355 2356 1853
2356 2357 1351
2357 2358 276
2358 2359 200
2359 2360 1014
2360 2361 1110
2361 2362 1946
2362 2363 1643
2363 2364 867
2364 2365 645
2365 2366 812
2366 2367 1922
2367 2368 1070
2368 2369 153
2369 2370 718
2370 2371 1843
2371 2372 1718
2372 2373 1674
2373 2374 1600
2374 2375 719
2375 2376 1817
2376 2377 886
2377 2378 736
2378 2379 1975
2379 2380 1016
2380 2381 463
2381 2382 1247
2382 2383 1997
2383 2384 44
2384 2385 606
2385 2386 365
2386 2387 39
2387 2388 1955
2388 2389 1879
2389 2390 596
2390 2391 50
2391 2392 710
2392 2393 1553
2393 2394 1595
2394 2395 855
2395 2396 466
2396 2397 940
2397 2398 236
2398 2399 526
2399 2400 961
2400 2401 429
2401 2402 1051
2402 2403 1863
2403 2404 401
2404 2405 33
2405 2406 1027
2406 2407 1471
2407 2408 1821
2408 2409 333
2409 2410 327
2410 2411 1470
2411 2412 1729
2412 2413 327
2413 2414 234
2414 2415 1558
2415 2416 1620
2416 2417 1050
2417 2418 1556
2418 2419 1321
2419 2420 759
2420 2421 1065
2421 2422 1286
2422 2423 1526
2423 2424 1804
2424 2425 920
2425 2426 1474
2426 2427 613
2427 2428 978
2428 2429 1493
2429 2430 1778
2430 2431 1638
2431 2432 1226
2432 2433 1650
2433 2434 625
2434 2435 1153
2435 2436 770
2436 2437 719
2437 2438 1214
2438 2439 1847
2439 2440 869
2440 2441 1678
2441 2442 56
2442 2443 1146
2443 2444 1537
2444 2445 864
2445 2446 1444
2446 2447 1724
2447 2448 188
2448 2449 357
2449 2450 123
2450 2451 66
2451 2452 935
2452 2453 1449
2453 2454 502
2454 2455 1191
2455 2456 1192
2456 2457 1082
2457 2458 1326
2458 2459 967
2459 2460 1213
2460 2461 617
2461 2462 433
2462 2463 537
2463 2464 862
2464 2465 130
2465 2466 1170
2466 2467 1188
2467 2468 306
2468 2469 443
2469 2470 1576
2470 2471 138
2471 2472 555
2472 2473 1234
2473 2474 819
2474 2475 154
2475 2476 424
2476 2477 1417
2477 2478 1128
2478 2479 225
2479 2480 52
2480 2481 670
2481 2482 189
2482 2483 323
2483 2484 348
2484 2485 1758
2485 2486 366
2486 2487 1189
2487 2488 1128
2488 2489 1136
2489 2490 197
2490 2491 48
2491 2492 1502
2492 2493 630
2493 2494 454
2494 2495 848
2495 2496 1358
2496 2497 171
2497 2498 1065
2498 2499 179
2499 2500 1574
2500 2501 55
2501 2502 666
2502 2503 1595
2503 2504 1256
2504 2505 1217
2505 2506 1863
2506 2507 1593
2507 2508 1992
2508 2509 366
2509 2510 564
2510 2511 887
2511 2512 1892
2512 2513 1216
2513 2514 1252
2514 2515 1298
2515 2516 679
2516 2517 469
2517 2518 719
2518 2519 213
2519 2520 984
2520 2521 1582
2521 2522 200
2522 2523 84
2523 2524 1359
2524 2525 607
2525 2526 2000
2526 2527 1421
2527 2528 222
2528 2529 206
2529 2530 1767
2530 2531 876
2531 2532 1290
2532 2533 266
2533 2534 184
2534 2535 1473
2535 2536 1941
2536 2537 898
2537 2538 1624
2538 2539 1555
2539 2540 170
2540 2541 1305
2541 2542 1015
2542 2543 340
2543 2544 1104
2544 2545 1416
2545 2546 1367
2546 2547 924
2547 2548 1282
2548 2549 1245
2549 2550 552
2550 2551 1859
2551 2552 364
2552 2553 800
2553 2554 1765
2554 2555 1654
2555 2556 1706
2556 2557 1120
2557 2558 251
2558 2559 1280
2559 2560 1588
2560 2561 575
2561 2562 1793
2562 2563 258
2563 2564 1796
2564 2565 416
2565 2566 405
2566 2567 1561
2567 2568 151
2568 2569 1260
2569 2570 789
2570 2571 331
2571 2572 1316
2572 2573 318
2573 2574 700
2574 2575 195
2575 2576 1041
2576 2577 1702
2577 2578 977
2578 2579 7
2579 2580 562
2580 2581 166
2581 2582 866
2582 2583 1418
2583 2584 694
2584 2585 198
2585 2586 593
2586 2587 1536
2587 2588 1394
2588 2589 994
2589 2590 509
2590 2591 46
2591 2592 421
2592 2593 1200
2593 2594 352
2594 2595 1359
2595 2596 1524
2596 2597 723
2597 2598 1437
2598 2599 344
2599 2600 1098
2600 2601 824
2601 2602 648
2602 2603 863
2603 2604 1404
2604 2605 353
2605 2606 1338
2606 2607 222
2607 2608 589
2608 2609 1018
2609 2610 824
2610 2611 846
2611 2612 721
2612 2613 966
2613 2614 593
2614 2615 660
2615 2616 1928
2616 2617 1453
2617 2618 1858
2618 2619 173
2619 2620 1089
2620 2621 1388
2621 2622 1442
2622 2623 1974
2623 2624 1495
2624 2625 1127
2625 2626 529
2626 2627 1460
2627 2628 1870
2628 2629 1692
2629 2630 1168
2630 2631 1344
2631 2632 311
2632 2633 1935
2633 2634 1203
2634 2635 1135
2635 2636 509
2636 2637 1318
2637 2638 1801
2638 2639 1125
2639 2640 1170
2640 2641 1755
2641 2642 1031
2642 2643 350
2643 2644 208
2644 2645 1887
2645 2646 1344
2646 2647 828
2647 2648 1254
2648 2649 398
2649 2650 1866
2650 2651 237
2651 2652 1979
2652 2653 1069
2653 2654 837
2654 2655 490
2655 2656 1573
2656 2657 1629
2657 2658 919
2658 2659 586
2659 2660 1706
2660 2661 139
2661 2662 915
2662 2663 1131
2663 2664 792
2664 2665 1681
2665 2666 396
2666 2667 1409
2667 2668 1337
2668 2669 1304
2669 2670 162
2670 2671 413
2671 2672 463
2672 2673 105
2673 2674 1991
2674 2675 790
2675 2676 709
2676 2677 1185
2677 2678 449
2678 2679 273
2679 2680 1267
2680 2681 1795
2681 2682 1543
2682 2683 1543
2683 2684 1938
2684 2685 1858
2685 2686 1868
2686 2687 360
2687 2688 1373
2688 2689 896
2689 2690 283
2690 2691 1755
2691 2692 887
2692 2693 607
2693 2694 958
2694 2695 818
2695 2696 189
2696 2697 1199
2697 2698 377
2698 2699 1263
2699 2700 1333
2700 2701 1622
2701 2702 300
2702 2703 1498
2703 2704 1655
2704 2705 489
2705 2706 1331
2706 2707 328
2707 2708 309
2708 2709 1932
2709 2710 575
2710 2711 819
2711 2712 691
2712 2713 1865
2713 2714 1062
2714 2715 1675
2715 2716 1224
2716 2717 1229
2717 2718 1220
2718 2719 1403
2719 2720 1596
2720 2721 1124
2721 2722 1218
2722 2723 441
2723 2724 599
2724 2725 456
2725 2726 1638
2726 2727 1687
2727 2728 1714
2728 2729 1966
2729 2730 1144
2730 2731 1396
2731 2732 1059
2732 2733 1758
2733 2734 1069
2734 2735 866
2735 2736 1954
2736 2737 1255
2737 2738 1458
2738 2739 1938
2739 2740 368
2740 2741 913
2741 2742 1916
2742 2743 650
2743 2744 1963
2744 2745 256
2745 2746 578
2746 2747 132
2747 2748 801
2748 2749 1380
2749 2750 1614
2750 2751 1061
2751 2752 807
2752 2753 149
2753 2754 939
2754 2755 132
2755 2756 363
2756 2757 195
2757 2758 774
2758 2759 85
2759 2760 613
2760 2761 1216
2761 2762 585
2762 2763 581
2763 2764 1675
2764 2765 374
2765 2766 1461
2766 2767 1002
2767 2768 784
2768 2769 870
2769 2770 77
2770 2771 616
2771 2772 1548
2772 2773 193
2773 2774 205
2774 2775 1970
2775 2776 750
2776 2777 1496
2777 2778 1824
2778 2779 645
2779 2780 475
2780 2781 743
2781 2782 95
2782 2783 1413
2783 2784 1971
2784 2785 1696
2785 2786 979
2786 2787 1961
2787 2788 574
2788 2789 1630
2789 2790 846
2790 2791 1342
2791 2792 1428
2792 2793 1975
2793 2794 907
2794 2795 594
2795 2796 1746
2796 2797 1123
2797 2798 1134
2798 2799 163
2799 2800 1112
2800 2801 935
2801 2802 955
2802 2803 1980
2803 2804 1973
2804 2805 713
2805 2806 1913
2806 2807 1539
2807 2808 1912
2808 2809 1502
2809 2810 416
2810 2811 145
2811 2812 1379
2812 2813 1301
2813 2814 851
2814 2815 187
2815 2816 1750
2816 2817 461
2817 2818 1948
2818 2819 1588
2819 2820 1546
2820 2821 48
2821 2822 265
2822 2823 1107
2823 2824 776
2824 2825 1046
2825 2826 384
2826 2827 769
2827 2828 159
2828 2829 645
2829 2830 688
2830 2831 511
2831 2832 1336
2832 2833 1761
2833 2834 1758
2834 2835 1389
2835 2836 950
2836 2837 701
2837 2838 235
2838 2839 757
2839 2840 1142
2840 2841 1374
2841 2842 527
2842 2843 795
2843 2844 728
2844 2845 1221
2845 2846 546
2846 2847 1440
2847 2848 1953
2848 2849 531
2849 2850 1129
2850 2851 95
2851 2852 1819
2852 2853 853
2853 2854 1807
2854 2855 481
2855 2856 1973
2856 2857 1777
2857 2858 614
2858 2859 771
2859 2860 125
2860 2861 691
2861 2862 1616
2862 2863 1058
2863 2864 158
2864 2865 755
2865 2866 1595
2866 2867 1724
2867 2868 1691
2868 2869 1643
2869 2870 818
2870 2871 1896
2871 2872 546
2872 2873 1527
2873 2874 1414
2874 2875 438
2875 2876 1488
2876 2877 158
2877 2878 322
2878 2879 1014
2879 2880 444
2880 2881 1217
2881 2882 332
2882 2883 638
2883 2884 1635
2884 2885 351
2885 2886 1241
2886 2887 598
2887 2888 1370
2888 2889 1852
2889 2890 337
2890 2891 1446
2891 2892 417
2892 2893 751
2893 2894 132
2894 2895 11
2895 2896 1848
2896 2897 54
2897 2898 526
2898 2899 1646
2899 2900 275
2900 2901 316
2901 2902 1061
2902 2903 62
2903 2904 1796
2904 2905 1509
2905 2906 1105
2906 2907 1089
2907 2908 1632
2908 2909 1090
2909 2910 1408
2910 2911 271
2911 2912 1836
2912 2913 1990
2913 2914 912
2914 2915 888
2915 2916 1690
2916 2917 214
2917 2918 1533
2918 2919 828
2919 2920 1575
2920 2921 1875
2921 2922 1739
2922 2923 738
2923 2924 598
2924 2925 814
2925 2926 623
2926 2927 1447
2927 2928 981
2928 2929 466
2929 2930 1224
2930 2931 1749
2931 2932 1850
2932 2933 1227
2933 2934 381
2934 2935 934
2935 2936 1854
2936 2937 188
2937 2938 215
2938 2939 645
2939 2940 1301
2940 2941 236
2941 2942 1898
2942 2943 1610
2943 2944 386
2944 2945 91
2945 2946 893
2946 2947 1207
2947 2948 1531
2948 2949 773
2949 2950 1983
2950 2951 66
2951 2952 1235
2952 2953 1603
2953 2954 366
2954 2955 1845
2955 2956 5
2956 2957 625
2957 2958 1001
2958 2959 343
2959 2960 758
2960 2961 823
2961 2962 1555
2962 2963 1370
2963 2964 227
2964 2965 919
2965 2966 1557
2966 2967 1099
2967 2968 222
2968 2969 1627
2969 2970 5
2970 2971 1734
2971 2972 1810
2972 2973 447
2973 2974 518
2974 2975 440
2975 2976 926
2976 2977 958
2977 2978 1021
2978 2979 1841
2979 2980 574
2980 2981 383
2981 2982 1827
2982 2983 1594
2983 2984 79
2984 2985 1606
2985 2986 45
2986 2987 731
2987 2988 375
2988 2989 1898
2989 2990 1537
2990 2991 280
2991 2992 1275
2992 2993 1483
2993 2994 1237
2994 2995 1934
2995 2996 1842
2996 2997 190
2997 2998 686
2998 2999 1779
2999 3000 913
3000 3001 1763
3001 3002 1415
3002 3003 855
3003 3004 92
3004 3005 398
3005 3006 1771
3006 3007 1824
3007 3008 949
3008 3009 1404
3009 3010 105
3010 3011 97
3011 3012 1131
3012 3013 1478
3013 3014 400
3014 3015 126
3015 3016 1304
3016 3017 1617
3017 3018 1234
3018 3019 1075
3019 3020 1464
3020 3021 854
3021 3022 794
3022 3023 673
3023 3024 148
3024 3025 1429
3025 3026 744
3026 3027 147
3027 3028 1147
3028 3029 1662
3029 3030 160
3030 3031 754
3031 3032 726
3032 3033 545
3033 3034 320
3034 3035 1106
3035 3036 273
3036 3037 1058
3037 3038 970
3038 3039 1872
3039 3040 956
3040 3041 1245
3041 3042 24
3042 3043 50
3043 3044 1443
3044 3045 141
3045 3046 1354
3046 3047 1353
3047 3048 133
3048 3049 1792
3049 3050 1627
3050 3051 1805
3051 3052 183
3052 3053 311
3053 3054 631
3054 3055 19
3055 3056 1188
3056 3057 1831
3057 3058 1451
3058 3059 1948
3059 3060 1930
3060 3061 646
3061 3062 1684
3062 3063 902
3063 3064 801
3064 3065 19
3065 3066 494
3066 3067 743
3067 3068 1594
3068 3069 831
3069 3070 996
3070 3071 903
3071 3072 1703
3072 3073 1004
3073 3074 1458
3074 3075 1694
3075 3076 777
3076 3077 1588
3077 3078 1059
3078 3079 1423
3079 3080 153
3080 3081 367
3081 3082 509
3082 3083 1715
3083 3084 950
3084 3085 1146
3085 3086 1641
3086 3087 237
3087 3088 521
3088 3089 1146
3089 3090 1463
3090 3091 1733
3091 3092 1693
3092 3093 1860
3093 3094 72
3094 3095 1093
3095 3096 76
3096 3097 1688
3097 3098 1962
3098 3099 1925
3099 3100 671
3100 3101 1130
3101 3102 661
3102 3103 515
3103 3104 1506
3104 3105 317
3105 3106 1808
3106 3107 747
3107 3108 1926
3108 3109 1777
3109 3110 1802
3110 3111 1501
3111 3112 1920
3112 3113 1800
3113 3114 507
3114 3115 147
3115 3116 1515
3116 3117 1242
3117 3118 1743
3118 3119 246
3119 3120 814
3120 3121 747
3121 3122 1059
3122 3123 1161
3123 3124 1170
3124 3125 713
3125 3126 703
3126 3127 1919
3127 3128 1006
3128 3129 1246
3129 3130 1066
3130 3131 242
3131 3132 495
3132 3133 14
3133 3134 662
3134 3135 310
3135 3136 23
3136 3137 1842
3137 3138 252
3138 3139 1789
3139 3140 41
3140 3141 124
3141 3142 109
3142 3143 1776
3143 3144 351
3144 3145 646
3145 3146 1303
3146 3147 1093
3147 3148 1850
3148 3149 83
3149 3150 1793
3150 3151 645
3151 3152 1820
3152 3153 692
3153 3154 1142
3154 3155 704
3155 3156 222
3156 3157 1872
3157 3158 1206
3158 3159 609
3159 3160 1654
3160 3161 1882
3161 3162 1721
3162 3163 1191
3163 3164 105
3164 3165 759
3165 3166 786
3166 3167 1514
3167 3168 901
3168 3169 1814
3169 3170 1
3170 3171 1834
3171 3172 1123
3172 3173 552
3173 3174 1413
3174 3175 1110
3175 3176 1155
3176 3177 1839
3177 3178 1248
3178 3179 1769
3179 3180 406
3180 3181 356
3181 3182 416
3182 3183 539
3183 3184 1598
3184 3185 1384
3185 3186 389
3186 3187 289
3187 3188 172
3188 3189 760
3189 3190 1635
3190 3191 1787
3191 3192 1637
3192 3193 1604
3193 3194 246
3194 3195 667
3195 3196 1313
3196 3197 193
3197 3198 1411
3198 3199 731
3199 3200 769
3200 0 1579
2528 2732 14743
859 2937 11979
1298 758 8222
2492 469 9365
1212 2398 495
2370 740 5399
814 705 18692
1572 1964 19670
392 827 3438
2973 1132 16083
776 1259 18935
2466 196 14857
1129 1554 17324
2814 1220 20895
177 716 13050
988 2164 19614
1538 1488 17049
105 77 20339
2856 422 10687
1133 616 17097
2576 1496 1183
185 854 9293
5 986 10348
1978 3164 18051
2496 309 352
1910 1266 2472
1575 832 16690
1410 1781 9919
900 1895 7980
2268 1104 6999
1964 1333 8391
1210 1232 13512
326 1410 375
28 2107 10385
452 1856 7767
1416 1771 20111
120 3082 20709
1391 564 8945
1338 495 20669
2714 1446 20080
1157 706 1373
1718 1422 1445
1531 2472 7282
932 2805 13695
325 2594 10017
786 602 18553
427 689 5520
2927 2723 5280
995 2925 2109
1289 70 7022
1981 267 15051
34 101 19693
107 710 19505
2386 998 9953
161 1527 5566
3181 1646 18931
2835 1915 7033
2928 1399 6704
191 2272 14531
2753 2308 3833
2052 3174 15061
1299 328 7109
1813 311 1145
1120 1241 16116
1496 435 10139
1696 2680 8554
517 706 11501
401 2563 5486
787 1736 15633
1287 1348 11194
2634 2462 3904
2674 2301 6542
2593 1339 10357
2736 2519 5023
2433 3020 17026
693 2335 3278
73 2175 11917
1824 952 16742
571 2298 1247
2029 1730 2700
1464 2158 17929
2523 1695 7985
481 924 12725
2792 1346 2982
2227 1925 6294
3040 191 7880
742 1668 1976
250 1194 10684
1367 3103 9700
2900 2966 12413
2671 1941 3159
1231 2481 9941
3040 192 3102
2032 3165 5078
93 187 12501
2715 776 12257
562 60 10033
1643 2351 7239
906 1060 19020
2470 824 10036
3190 2075 1008
3050 313 2303
3042 2105 1015
2973 2118 2319
1704 348 5514
1050 2937 280
1741 1289 7275
2248 1925 757
3022 1184 14197
2832 2011 14291
2289 2696 8584
2023 1979 11690
1853 1341 530
1761 1938 14256
457 259 3397
1109 3077 16728
468 2048 11048
3147 2671 18587
2676 3013 12658
1941 2676 10039
41 2131 17730
1161 156 446
519 1628 9634
2402 1340 17926
1407 1577 4139
3032 1253 15425
1022 144 15218
3064 2549 11614
648 3057 16467
2429 2716 12508
2493 1972 930
343 2378 8222
2474 1249 6539
224 786 16228
760 1747 18582
636 2986 826
3154 1095 11524
646 465 18788
311 1740 8937
701 2790 11507
1677 1361 16271
2954 1692 8752
326 2980 692
2417 753 6270
1484 27 2176
1449 506 13189
1787 2481 14094
1491 2261 9518
1839 149 18772
2357 449 4689
426 1439 11069
778 1475 14600
3094 1823 18452
180 1891 13322
227 2584 4874
373 2514 7126
216 1738 735
936 1355 11426
1886 2624 5615
1241 1559 6612
1391 167 1018
758 2387 10205
2428 525 8267
680 533 4307
1444 190 9768
2610 1061 16629
1940 1857 20421
461 1660 15643
2816 471 3744
3190 2643 618
2930 299 3727
2040 872 8073
2410 676 10350
2578 2124 16273
1258 880 20083
2555 2461 4032
2858 1013 12851
1502 870 20538
2463 3 6060
1807 3164 12199
2653 2096 16686
2172 933 4705
813 2120 13020
470 1078 18324
2004 718 7908
1603 2999 461
2155 2803 601
2371 764 5211
50 351 10052
2817 2563 13323
1399 1066 399
1757 977 9500
1118 3160 8573
494 592 9691
1614 2890 15001
1574 843 9456
2189 251 16819
1687 1963 17008
1600 3063 459
2451 693 8934
473 2623 15575
143 2057 2482
722 2201 11420
2682 2398 13108
846 893 10715
1580 1712 17258
809 991 4046
2704 848 11474
1580 875 8134
2277 298 11103
2328 468 5919
45 190 10110
206 2322 20739
2580 1557 460
1874 2067 12892
3154 2508 9691
473 33 11952
2298 1410 5793
2953 1443 16220
2952 1671 20492
2320 2142 18796
3192 2329 1627
2491 990 3390
334 440 8819
2242 1442 10821
2098 1825 3953
404 513 12488
634 2441 7405
162 1615 18068
2270 1544 336
656 1464 3799
76 2602 730
1241 71 15928
3129 1883 20618
580 2182 15289
1681 565 19547
1002 197 15384
2465 13 11129
327 99 9282
69 686 2806
2136 897 8269
875 960 5887
1978 1675 12883
1473 965 1764
1075 1173 18255
2893 433 20059
906 1515 11731
2468 3039 20865
2937 1993 4750
1243 987 1393
805 209 3134
3002 412 15339
1455 2801 9399
2581 217 12218
2043 2957 13730
2621 638 2406
251 800 11602
2332 2085 5005
2554 609 9048
1568 3044 1203
892 2984 2278
967 3171 6148
2240 2824 5316
3182 2008 9356
2758 2630 14478
2140 1689 18510
111 1187 14340
3105 675 10807
998 2181 3737
2716 2656 8351
60 954 18354
1335 1232 6602
1062 3042 13067
2138 1216 17465
1587 2265 19782
2076 1494 5480
2711 1255 12830
93 2205 19040
683 2368 15143
2691 749 6270
3081 2751 20580
2567 1689 19436
2857 3132 8172
674 2452 7268
1132 2391 15456
1676 413 1809
2474 3100 10367
2176 2251 11924
3180 1291 6653
2968 2802 3883
826 761 158
3096 1763 6802
1975 964 18173
2103 2024 8554
1241 2804 9887
786 829 7441
958 1656 1329
1267 3173 489
1818 1545 20521
1391 2794 2503
1328 3001 15832
1808 1045 11002
2418 2278 6947
1381 575 7725
324 1158 1960
2700 1483 13549
2104 1921 20275
1895 30 3593
113 1652 1555
1008 3061 16898
2242 2239 20297
144 3107 1599
2285 2119 8167
96 2076 5872
1364 541 15730
2258 2867 16601
990 1391 17692
1514 980 7962
2959 1094 20201
2477 624 3376
1271 531 7525
1234 289 18798
2497 150 13884
1314 300 20079
1045 306 13689
2531 3161 2866
2934 2221 4148
1134 2242 10676
50 1279 11616
1163 1387 11848
453 693 2284
467 1104 8314
1973 575 14919
1018 11 11169
485 3062 4693
865 725 12612
3183 2168 7988
1464 899 20012
1582 2869 14037
2032 370 8053
1285 1853 16683
386 2965 17831
1083 2372 2660
1342 1349 2603
1362 1158 8390
376 1850 12424
1548 1374 10354
2439 2937 8084
104 1211 16147
3123 3020 17623
612 551 16570
356 796 19944
1001 2477 9172
2858 1279 14347
402 2632 16087
2675 3036 6785
498 1099 317
401 443 19262
766 959 5307
1447 191 11901
2483 2023 1136
2048 358 20210
777 2761 20869
2608 1376 15639
1317 183 19718
3109 505 14204
1421 1940 17020
809 816 15581
1156 19 6467
337 2286 12031
137 2788 7444
95 3035 18748
2336 3025 15227
2427 596 11243
1679 505 6797
1437 2928 12884
131 2741 3140
2825 2327 8058
1718 3082 15152
1116 1825 15232
1557 1646 8353
1278 2889 457
1649 1862 6834
1291 1897 14879
3121 1371 2038
2545 2617 2388
718 1530 3142
306 1389 16703
94 712 9597
622 571 18199
1282 2051 19112
1669 1243 8205
124 146 10076
828 2573 2641
535 162 9607
111 1735 18614
2890 2456 8736
3048 405 15404
742 2625 12326
3193 2964 16147
706 1814 6713
2888 1006 18156
2719 49 8705
2335 650 10431
1313 1824 16125
1165 3095 12274
122 566 20128
600 1655 7467
2373 1513 11998
1064 1632 17275
335 1162 8726
3007 171 6049
2940 3095 19399
2932 1721 9021
261 1315 18648
1832 2764 17541
2122 1944 3943
500 1715 16572
1924 1266 16165
1944 2290 18873
102 1463 17522
12 3128 15691
2317 1091 16659
598 351 10247
2988 2609 4362
3101 2917 11702
2993 2523 1642
2836 3090 4651
1378 1532 10997
1906 1552 10627
2457 2607 8520
2641 1582 14599
25 491 5065
125 1200 2303
2274 762 12460
1872 2095 15165
2372 2997 5103
1687 1632 17857
2793 96 1976
2407 505 4209
1255 328 10315
914 481 4354
2622 1756 19779
2861 2686 19031
409 529 9289
1963 883 5812
600 1177 15074
1691 2611 5013
2820 86 7805
633 4 13130
2129 1035 4877
1613 2252 4274
3139 1104 15476
441 2840 6452
3030 1035 1207
15 1848 7895
1015 1817 15993
2360 2314 1979
3041 2735 2294
436 2084 2122
3056 1556 5972
2542 264 4674
2318 2284 7173
2806 1691 11158
1894 224 2887
1390 2810 17295
906 1382 16389
750 2535 11862
1023 3075 838
1536 105 10252
3047 1367 2459
550 1066 4918
2732 3140 17711
1054 612 13423
1924 2137 3440
660 2558 7941
1500 467 20069
3034 1769 11838
1908 1220 20335
2518 352 9761
1664 1596 6735
1269 935 8198
2957 3068 17050
1101 412 16282
1722 910 10250
1367 2479 1446
652 2106 14254
741 1486 20950
901 2586 19727
2470 2247 511
1315 941 782
1108 2973 5937
2291 2610 3905
1099 347 5900
2015 2420 17183
3057 398 12663
2965 701 15889
2134 428 11881
394 1042 696
2582 1108 18119
1586 2653 16297
1324 691 15831
2759 1589 71
161 1235 11619
1568 2612 2670
1197 2914 15816
2180 1945 4866
819 320 10037
644 239 8262
2177 1974 9424
3002 2200 14094
30 2463 2547
415 510 17726
1576 1967 17976
2359 3008 12602
1949 3010 17474
2813 171 20746
2837 2121 5067
2394 1070 11997
2598 221 14496
262 2982 3704
1964 2140 7690
657 195 14071
76 1135 18434
205 1764 9397
2328 849 14315
210 552 6768
2442 2903 10960
1670 2550 11096
1165 156 6931
3015 1384 2859
906 2837 8529
2325 774 3285
2399 2109 7813
2288 2195 5003
2652 2619 9771
746 3006 5645
3146 258 7910
2515 1653 7792
2294 3194 18307
2855 783 3735
42 1974 18016
1184 1634 15921
804 2664 5959
421 2232 13075
2648 19 15135
1362 1432 12714
3122 1156 8318
472 1683 834
640 93 4103
2079 1474 7712
1919 1745 7106
2282 344 12490
415 809 7388
3177 3018 15751
546 702 19812
2940 2389 4128
426 242 3625
1010 2262 16565
1554 1805 15871
1272 2555 5492
1231 2706 9095
614 1091 7636
717 2583 18417
2943 3193 18837
3076 1424 15896
1122 1979 2293
1920 70 1120
2697 60 772
1647 702 8454
1969 720 19243
877 1729 14378
2999 1400 4190
104 2183 10752
1782 2534 13252
1067 2508 3376
1715 1808 8212
1865 3097 14743
2561 868 15398
80 1822 15063
939 2118 8849
407 2673 5342
3061 2672 839
89 2512 10534
2759 460 5543
2951 2315 19233
880 305 19069
1945 1359 10361
3179 1515 12339
1513 1876 8845
2933 683 16055
2908 1141 17881
487 431 13011
1034 2804 10882
985 2063 20464
107 594 7630
868 2130 1826
3128 2602 8503
391 2052 1905
1640 669 20833
2211 1847 12426
2237 1622 13691
1980 2500 11880
154 2435 4189
12 2241 5725
1574 1271 5256
1517 1789 13322
993 1743 17202
1671 453 112
840 1283 14057
1662 1635 10842
903 1385 2247
544 138 13253
2290 1966 6024
1951 433 11571
360 2123 8919
897 2981 5488
1118 2265 6074
2118 2419 13341
1768 907 19752
2076 2143 10063
624 660 14321
231 2946 13393
2388 619 12034
489 1087 4791
748 1831 12208
2095 2607 17999
108 2219 5377
516 736 18745
1871 705 12577
3195 2764 15136
1931 1333 4557
295 2745 20327
2947 2122 10057
294 453 6138
1172 2404 11213
2743 2896 20390
2277 115 2083
1387 369 4250
589 1534 11243
2015 1467 3530
288 935 5219
2832 85 6067
297 1231 1374
1099 2792 14352
266 651 11323
1064 1893 15747
2100 887 1431
544 326 13812
2809 667 16995
2308 1974 2442
2190 2310 6813
2548 1072 14360
2383 825 13290
1041 1734 16361
1265 110 11714
3137 2179 10636
750 2015 6765
1284 307 1821
1084 2967 4811
2286 2883 11594
538 1462 7328
3018 2563 9957
1397 1357 5936
559 2188 11442
2578 2890 20686
2402 750 8703
97 1140 6799
2534 398 1457
390 1946 7363
270 2444 6503
2750 3079 20730
3070 1125 5756
2802 1741 5142
1497 3091 7707
1094 2746 20440
1256 1770 3819
595 1585 20214
438 2302 7362
2167 1779 7110
2798 2908 19008
2150 2436 13063
1535 932 11953
2452 2125 6224
887 802 11647
2810 694 15817
87 762 15694
543 2376 12726
1148 1024 13004
846 2219 6913
1116 1377 7506
1478 1698 7038
1198 221 9234
919 2538 4908
2604 1846 4952
2679 1612 12431
2824 861 17297
1634 182 7694
944 1233 20414
970 822 11548
668 327 8572
2263 1911 14252
1919 1039 20250
1483 318 18590
204 930 18491
1143 2521 6733
246 3099 19838
2928 1118 4590
2829 2391 11866
1251 2615 13551
1920 1508 18880
1560 1592 2700
1108 1429 19909
2787 1782 18448
2894 2359 18139
2823 2211 10988
2893 71 6541
703 1336 1763
1431 1569 18493
957 580 12402
951 1955 10868
2302 1584 10525
2451 2731 15179
1354 342 14189
913 911 3520
2807 2297 15224
320 2048 9239
370 3033 10848
1419 2565 6965
565 2259 5702
2959 1893 16545
772 1162 12940
1941 2620 16839
501 2374 5745
1613 412 4632
1351 771 3893
1428 39 13375
209 1240 983
2672 1134 10251
2481 1377 2808
103 3118 15579
2021 133 5493
1955 2473 11949
900 1656 3063
2008 292 4601
311 2875 2567
2358 1145 12068
249 46 6575
811 2892 15290
199 239 18890
797 3129 7154
1930 2537 980
1752 667 16524
1446 2788 11900
1668 2832 15288
2877 858 5964
1284 3094 2945
1909 2014 9285
979 786 17097
739 267 14323
689 39 12471
2949 2797 10428
300 3073 4599
1097 141 12634
750 52 13201
953 1824 14170
1450 2808 18994
1480 2915 16064
681 342 7565
332 2922 15080
1190 545 16045
1683 1567 415
472 945 2676
2413 2374 18690
1072 2854 16985
1143 1003 9435
2894 504 17025
2009 2824 1827
557 2817 6771
555 1459 14200
889 1262 9696
729 2388 3849
1451 538 11229
2839 2931 3998
43 1248 2218
2737 949 15907
1623 204 6663
1415 2306 11398
1684 2973 12081
209 1092 20502
2283 2124 15099
607 2934 15170
1305 1484 16248
2506 3085 8811
324 1693 2474
1697 2753 1140
1331 531 15803
1416 540 147
1005 2046 1055
2467 1905 16602
2549 561 9780
1512 1664 11640
866 1886 7201
2256 242 5056
2199 2084 14072
773 2138 11963
2539 184 960
69 1471 15024
2640 746 19765
1180 1488 18321
2369 392 12284
1438 2118 17150
617 312 3756
2999 1190 18465
2711 3135 20861
2259 589 2234
3172 2329 12078
1764 1675 5899
2230 1002 3797
3091 2394 16207
481 1643 1008
1000 1336 8040
2948 1932 17450
1635 1693 12028
605 3067 2398
2283 3155 13864
2184 1188 14792
2689 2546 10046
2635 776 7488
2004 2203 9147
2877 580 6398
2280 1617 903
3104 1127 17602
1331 1263 19479
541 2151 3904
2273 2291 13411
29 2958 14615
679 2020 12424
1410 2027 8373
2422 323 5215
2928 1195 17207
1581 1300 11585
859 1064 17560
492 1178 2901
397 129 3274
3107 1626 15923
1109 3076 20462
726 340 12014
509 3051 3880
1417 2026 19945
592 2275 9553
1500 1937 4399
684 2371 17041
1564 2964 4304
2131 1375 1005
1050 1266 4180
283 1436 11322
286 457 16878
2524 2495 17317
2204 1546 13088
247 2093 158
2649 424 18799
2540 3114 11251
3084 3177 135
2532 2162 6645
774 1530 16679
1375 2555 679
1837 2288 666
1917 1125 8584
3042 900 18539
170 651 18188
587 1085 15483
1948 141 12225
2009 1539 20755
1036 2804 1686
1882 3097 15553
3089 705 16097
2755 1185 18133
2842 860 18758
309 1378 7601
1313 2192 9913
393 3192 13988
2298 1366 8289
2677 124 5270
3091 1556 12434
658 1133 20010
3014 2171 12445
844 107 4148
1299 1422 305
53 1021 441
1119 805 11555
2872 1587 13945
75 410 12457
1489 2468 957
963 1236 18943
951 2672 15251
396 4 5942
29 1459 16844
2425 2551 4384
293 1343 15848
835 254 14978
1920 2033 9381
2846 22 11685
1018 147 4182
1936 486 588
1535 590 7409
3065 2606 16259
2381 1289 8468
1785 963 18618
1539 928 8744
2082 1973 7418
467 2803 15581
386 1391 14875
3187 2736 12458
2633 69 746
823 2077 15548
1294 1001 2741
3121 542 13840
2514 397 1774
747 499 13641
3138 2226 18918
115 3080 2721
2063 1337 7266
2310 765 12093
1779 490 4266
2686 670 2420
2449 1026 5857
1366 2225 13640
2884 1564 15578
2548 2730 11454
1203 250 3481
2795 1503 9132
1174 1392 13029
2726 2077 18833
3060 2792 16728
1885 1618 7684
1356 2289 11413
1736 3065 9344
1634 1097 13691
3193 1506 6477
905 2355 12320
3165 3089 12682
1295 239 11816
2563 1814 20972
2766 2109 428
765 1098 19082
3165 1835 6587
414 1387 19840
96 2372 10517
3114 680 14148
1641 1594 17219
1305 1485 2924
3135 1405 7198
949 2756 12743
3070 1646 13517
290 2135 15194
608 1554 2188
351 1511 12569
2446 2405 13757
1912 434 2637
2697 3127 18112
1941 2910 12139
686 2279 10162
2015 2553 8185
1496 1986 4697
1268 622 20546
3075 1668 15140
2324 1874 4898
1450 410 4094
455 2311 20147
457 189 7847
545 65 8732
717 2339 13650
1227 450 111
163 937 13718
2488 1714 8766
113 1995 11412
2641 1416 17529
1864 590 18857
2384 14 15003
531 2148 141
2799 2996 6130
131 2508 13618
3128 3137 15601
1528 1491 13082
2115 2357 10808
202 2797 1358
647 229 2613
525 2346 10647
614 430 8694
1818 3198 3838
489 1943 8841
2606 3081 12913
1080 1891 4517
391 1917 14090
486 1999 3815
2652 1604 734
505 2939 3155
2913 1828 16362
564 1014 1359
2013 2657 15349
19 2699 3285
1386 1918 8238
1391 2380 7023
1310 2937 4035
705 778 11443
3161 2159 11639
832 2983 1019
1813 2258 1014
1244 5 11410
1456 8 15579
2541 77 9879
255 3037 9653
157 1731 4126
2979 1852 19987
1617 2299 419
1914 1002 10097
2686 395 9833
3007 2392 7011
738 3086 14286
2228 1720 5755
1311 597 12576
408 2276 9798
205 1983 17590
2012 632 10884
2462 1823 1612
1184 1064 4741
2848 1985 14511
2245 2484 15019
1273 1383 6352
468 2564 11359
2189 1787 9431
267 2265 8141
211 1528 5534
471 2740 17441
3181 2437 14398
2038 1005 15186
1950 542 11924
902 10 14222
584 1706 447
1022 1205 6424
2350 2315 17285
1728 2373 5307
1732 797 5092
2444 1052 14651
2661 2965 17229
739 819 13793
592 597 15383
1253 1187 3258
1036 351 11474
2610 2721 19438
2784 1473 3463
299 1012 12228
2894 642 9954
2421 132 4572
231 1948 3300
456 2439 14976
1263 2313 8979
88 2387 7269
1326 1185 14498
246 3167 9187
1866 1983 7672
21 435 11886
2176 177 15110
2857 2002 16617
618 3053 15578
1986 506 6001
676 651 14496
2765 2868 11366
889 1595 14481
196 152 3755
1515 1471 18695
3136 3092 2569
2730 1534 7573
1260 404 19587
1487 1682 16029
2684 1430 5054
774 1306 16155
1029 2901 1349
947 2664 12045
1531 366 19336
1271 2405 13823
2452 2850 19386
1266 517 20237
622 841 6611
1897 1757 8611
835 738 13163
2632 2864 20551
223 244 16868
1087 1963 9609
2431 1352 16768
969 520 14728
1857 480 15138
3085 3081 14276
419 1910 2139
2639 655 2000
2473 2570 4624
57 19 15762
1262 921 5592
2376 574 9224
2854 1236 6699
564 2076 2491
1488 1390 20085
754 1957 13408
1441 1895 13164
386 421 15206
1238 1510 17276
2882 2109 17793
999 2762 7242
831 2570 1371
798 2218 7232
640 1085 1725
984 871 3942
1457 1949 13797
599 1417 69
1929 3016 19703
1670 2936 3698
2059 1897 4544
1359 2411 15824
1756 2781 20768
354 895 4438
2052 542 9613
3061 2854 16323
2340 559 13211
1484 1799 11068
1666 3141 6530
27 1790 2121
1584 43 555
2593 2354 7814
3155 714 5156
564 1124 12083
2855 973 3234
1460 1789 14829
2513 1419 5715
973 945 6139
1326 3021 17146
2822 1657 11585
2076 2724 7983
2739 1601 347
1479 2743 10870
79 251 18855
2401 947 11564
1468 49 4152
2614 2176 6899
969 2955 8173
142 1682 5200
686 1728 19277
2910 86 6314
292 1458 18071
1201 2929 20959
773 2462 6604
2968 2711 7727
1667 272 4443
2253 3058 3612
499 2875 9910
1505 132 15967
2066 2344 2216
1702 2353 7583
2315 2436 113
1113 1930 16524
937 1861 6422
1864 2272 19569
495 912 19964
910 1791 1800
2052 2605 4047
991 2654 3870
396 1758 20618
914 1527 1784
1343 1634 6699
1809 1211 8147
1782 1289 1715
1004 298 4163
3091 1812 14993
2435 1421 9714
1043 752 4197
2144 3139 1641
562 2261 10815
2786 870 9872
250 451 362
471 942 1506
3141 1160 11741
2728 2767 13768
398 1050 7503
1972 120 5626
613 2270 3681
121 2709 8516
661 1563 5672
2343 2289 8277
1962 2877 14861
97 2649 18654
383 394 19961
2494 1656 18664
797 479 1736
2923 393 1555
1028 2369 14984
1195 2223 4873
1051 544 15594
1807 1797 20564
305 1909 17076
2886 1240 10440
1815 1630 9103
1478 2377 4685
465 1733 16878
2328 2306 7276
2061 2614 916
706 1175 18966
1540 321 4075
2625 1491 12326
361 1907 59
930 110 3623
1254 2799 4691
236 900 1978
641 437 14633
1778 2749 719
187 2667 16230
152 1207 17047
1450 2224 9273
2098 454 9877
2558 1701 20445
156 456 10619
2369 1180 1720
2455 1125 1057
1042 1815 2305
1980 78 18217
1729 2441 5519
2577 2713 11200
2503 3087 5268
857 2898 397
181 2478 16718
2561 1950 2772
496 962 12889
2230 2205 17905
2313 389 11201
3158 1848 7026
2587 179 8223
1955 2649 8091
136 1308 161
2459 479 16901
2259 1210 10492
2921 2710 3966
1147 594 16055
524 1291 20279
1803 436 17579
51 1972 3506
844 2997 4745
2220 1701 20306
983 1269 753
1977 1844 17118
121 2748 943
353 1619 18404
2507 345 16223
2842 267 20648
11 1185 14708
1518 2092 5559
102 59 5443
2279 2616 11960
2107 2713 12204
1606 1854 3627
2361 250 18279
1239 1131 18936
3044 821 12989
577 3031 3783
2407 2449 4166
781 988 18582
863 2871 14188
2636 1413 19562
329 3039 7527
932 2318 6857
823 858 12024
107 2080 11449
1398 2818 17330
1081 3030 6745
1099 1766 5341
359 330 19651
1795 2585 8605
2179 1742 13379
672 1765 9665
2097 231 11654
1144 1383 12957
2249 999 13899
1618 1615 8031
518 678 2420
2447 1571 20741
859 864 18832
2810 2303 18555
2441 1193 10729
2120 2643 9476
2268 930 14573
2644 2302 15471
1464 1005 10179
2623 2591 1320
542 2835 8818
632 1061 12742
1556 186 19142
1689 384 3298
905 2463 4729
2183 2091 3941
1771 191 12949
974 1622 8748
216 1621 13190
3013 2343 4122
319 217 13179
1587 2685 6004
873 326 2041
2977 733 3630
1897 1049 8813
1221 3003 11761
1832 605 12104
3103 700 16926
2482 2521 11832
1282 5 8095
2922 2054 11628
2189 783 9928
2951 1931 19456
1340 905 15316
2060 64 10689
606 1062 8991
834 14 13799
1315 2292 3508
478 419 18040
1777 2939 6771
984 2498 4777
1203 2917 15314
2217 309 1465
2411 2043 1709
1063 756 13975
440 2205 12331
2537 1891 5978
417 2838 17405
1652 2948 16906
1258 2909 3931
1270 2908 6876
1844 1257 10146
1358 293 4922
382 1706 5866
1862 1026 2135
1476 2800 8638
1936 278 13554
947 1118 8120
2704 2349 4749
2662 1148 8817
1857 3064 5498
1255 422 15398
3094 2725 7830
3104 231 5389
2041 637 5418
424 493 14127
1578 1218 18316
3140 940 2196
1780 1094 4119
1464 3026 3606
784 314 11882
2477 961 19404
2226 1666 17279
980 1654 2712
2190 1631 17470
1829 2054 5644
248 1740 3278
2951 388 7531
1519 3083 2644
1504 825 10818
1452 2185 96
288 843 5177
2503 2219 1908
1911 2791 1627
2531 2581 4900
2250 2501 12380
2061 669 8885
490 2307 9081
1794 281 14073
1931 2844 12691
2902 508 18631
1415 1914 18199
1171 1845 14665
858 2212 6098
1719 873 2084
740 868 10874
1584 3013 16289
1219 990 14735
2400 2435 1128
2438 2349 17104
1683 3035 15374
2054 1451 13995
525 590 9607
2511 1020 20122
1210 1211 1286
199 1260 19253
308 2716 15354
870 274 19901
2925 2504 12659
388 696 12233
2868 67 9426
3040 183 11771
2733 3074 17340
1727 538 17267
1049 1856 11256
1346 1222 17703
1550 634 10411
1849 2738 12976
1480 2151 8480
1578 1008 19582
2107 421 15504
3050 621 19187
986 2404 73
589 1881 5
1009 2890 12566
386 1098 3529
2860 2269 11955
2325 3031 5746
2610 2785 7341
748 213 16068
1137 1645 18386
630 2968 4355
1746 2180 476
2645 2075 20585
326 1094 9095
363 2077 7376
2097 1273 390
512 2990 9856
279 2648 2488
1694 2874 5343
3192 1049 4655
2874 2584 15207
1052 1230 668
2648 1080 8191
1027 2541 19939
1929 2461 2442
2481 1646 4726
2079 1839 10181
1644 231 17613
687 585 3137
2923 404 17742
2571 2020 10229
1361 1812 15401
2531 2661 20928
1480 2512 5662
2396 2883 12942
2705 922 3401
2982 1887 8027
699 3148 9091
263 1231 593
1605 2581 12979
1276 1060 6095
1521 2031 5596
2251 1546 3381
77 2110 11742
840 2155 781
2008 98 18885
2569 2311 2555
375 843 3627
1139 478 5115
1482 437 17380
2112 1186 10124
2212 2133 19327
731 1666 2530
2509 742 3787
1764 2384 4607
2385 2778 9908
332 2776 18835
748 1126 18131
2558 919 15360
1046 332 10350
320 677 15998
2589 1840 18842
2200 921 11622
2850 2558 18034
2488 25 11567
1883 2825 15079
1168 1474 15598
2586 187 6675
2755 2169 9074
596 2713 8574
1080 2443 5349
1116 1595 14348
2417 1609 9895
1088 2771 16943
1826 257 17835
823 1455 6345
2758 227 20594
1749 536 14318
1362 460 20036
122 1532 4013
1389 1524 15235
2687 1210 20231
2768 2045 9216
614 548 11434
414 373 20400
2592 1424 11758
1298 1637 3125
2113 977 1330
296 2897 5645
3193 2763 8203
557 506 7182
1704 2094 11527
2481 77 14857
812 1753 14714
194 1966 20951
994 22 794
2929 1626 20035
3051 2022 5347
3153 1341 8584
2018 106 13579
171 2986 13902
738 865 5178
722 2765 936
1883 93 7908
213 472 19684
1316 2296 20872
2694 2879 12888
2517 1383 16736
155 3146 13351
3059 3133 15200
2567 710 16840
35 1265 7223
2621 2143 3365
2521 1942 1639
3147 2567 17639
3130 2414 20207
1843 1807 17030
1934 756 13944
1281 2157 7760
785 2345 996
1122 874 9407
660 1270 12500
1746 1276 14578
2723 1976 13570
1665 957 434
2049 1377 9780
157 1286 17153
1928 171 19038
457 965 16857
2720 2358 15708
451 2309 8146
1616 2877 5129
2703 1375 19862
2551 132 13912
2173 3168 6934
1771 682 13847
1120 2097 13804
561 1653 887
348 1633 10380
3067 2538 12469
2075 2056 20397
1362 295 19013
1541 1955 10281
1597 1931 20534
1010 186 3352
1687 500 1793
2387 2063 7528
713 859 15298
2034 2538 16127
28 1236 15942
2885 2904 9625
2535 2229 5815
185 1743 6948
1623 1435 17018
2150 2060 696
574 1316 11556
101 189 10832
2843 502 1031
1616 364 10413
208 74 4924
185 716 11105
1061 2522 10301
1379 1184 12131
499 2968 18451
1475 1692 449
624 1784 5662
99 1717 6790
522 2897 13635
2824 2366 13603
1927 2585 9883
1393 661 2654
218 1700 11157
1638 3164 20880
926 2561 14138
1430 1193 6279
2069 2307 10033
1006 173 8979
3188 2939 16938
2131 1659 14552
302 1605 20561
1730 2839 14783
336 1749 20913
1201 2097 14486
2117 329 10259
912 1874 12646
2091 2966 11869
1978 2934 10197
1111 2523 18329
999 1355 12392
2277 538 6989
1951 2644 5131
1964 1198 8803
2165 2588 15185
1189 570 4487
1710 1488 4927
233 2705 3286
1079 206 4680
2741 664 18721
1695 3145 12327
682 1104 7434
1520 946 4603
923 1919 6677
1709 2205 16744
2754 2550 7072
3131 788 6465
2401 1128 8989
2358 1774 17519
2793 2957 16103
1106 2636 5354
2930 1508 20516
1267 2483 7000
2536 1502 20067
836 1309 5541
1313 1814 19244
1912 1643 12921
180 1572 5494
774 2785 14731
1185 1145 968
1705 1189 18931
1277 2656 2398
2251 2385 339
148 2958 9327
2078 2205 20278
2691 2018 20207
1419 2632 12601
2913 2858 10950
3001 1346 19199
1317 1612 9111
1417 76 7359
2335 942 7595
3110 1580 4059
771 2359 1363
838 2084 13443
1199 2904 14775
77 2405 6112
3106 823 3038
6 49 7760
171 750 9812
290 1406 15790
2898 1369 10870
3161 1470 1732
1251 26 19202
191 1241 18945
123 234 8423
1466 701 3205
1765 2449 10617
3191 466 9096
3064 595 9671
2951 1857 585
391 1159 17854
560 2131 9428
29 1849 11951
2588 854 16709
3120 1553 20098
2262 872 16926
772 828 161
3046 2220 8284
159 477 3961
349 603 11172
677 2091 19047
814 202 13632
3198 32 4972
1927 3176 206
1316 1965 8241
692 2788 17345
2786 1760 8201
1573 2564 12705
2165 1541 1573
2396 1772 1383
1233 3181 14576
74 1184 5379
1231 561 16084
337 1600 976
1641 219 11413
1799 1361 6536
1440 2953 16576
953 51 11514
77 2710 7938
492 2765 19060
1051 53 7288
1228 789 12126
3132 305 374
1158 605 7206
2970 1484 5710
2496 339 5758
2451 2828 3546
2564 2660 18704
1634 579 19785
3150 1729 8660
3147 463 17547
2828 1924 12371
2335 2433 8051
385 209 19406
2156 337 403
2205 1784 16529
2687 2727 6660
2382 1225 8983
539 376 4869
2882 3057 4431
1987 2110 5611
1267 1404 14739
1659 2827 19571
2135 3087 17363
2222 98 18049
490 1772 17890
918 319 2111
1298 369 10196
2336 624 17617
1207 2981 10810
2603 29 4339
2366 2006 19544
1511 2531 9267
2282 1494 4980
980 2312 6607
130 719 13829
1981 2014 20335
1945 879 18866
2332 1237 13694
684 760 18113
117 817 8143
1598 904 17031
2196 2947 7125
1997 1501 10773
623 340 3074
2269 2164 14786
1931 150 7023
1089 1059 13388
1747 948 5042
667 2757 5814
2739 2109 17937
2335 685 3745
2306 577 14703
1829 91 18298
458 3083 6918
2353 925 10649
2046 1969 14849
1038 1821 2763
2019 1620 17564
1793 3160 3559
2622 1127 15899
496 460 8791
1357 88 13793
1691 1399 4787
1822 1776 7514
1868 326 12219
493 600 6929
3062 2086 17952
212 2859 17448
2521 1443 16008
1878 452 908
2674 1161 15123
2798 2145 6411
311 366 11831
101 1621 13369
2008 992 11171
68 1502 13128
804 3150 18873
885 1667 17500
1667 2857 15138
1891 1668 15644
256 2131 20414
2285 1318 19678
794 2535 12513
2188 1474 2095
1225 1313 658
2316 2034 2077
696 2386 12460
1057 1855 2516
359 252 1716
1590 1479 20350
442 2105 14912
2858 3163 13274
2865 2634 4357
1634 2999 1193
1810 1666 8944
2026 2198 13929
542 2030 3230
2697 1718 17016
2232 1724 9635
759 2278 16756
2720 40 9553
1139 2812 20267
906 2110 13383
1131 45 6029
102 1026 4117
391 1194 20955
615 1011 12665
779 503 9553
2060 1735 9665
2927 2458 4947
2725 2161 7224
45 2001 7700
1817 1703 14885
289 1848 18022
465 1170 20490
1706 2262 19861
2582 2278 354
2050 1267 5435
1936 3055 3488
3067 2532 15454
2946 1298 12866
2662 65 593
2631 1549 2744
1763 1394 9121
2554 1341 9792
2389 2781 5113
514 792 20438
2688 44 20244
2620 1393 17355
305 1787 4983
2701 81 2281
2456 2258 20705
1754 2845 14056
2104 3074 16744
2718 2230 8948
1778 2168 15111
1461 2519 14128
2259 135 6736
2727 2857 7564
120 1723 7773
259 2084 2585
644 3034 2032
152 2826 7242
696 2975 1093
660 2103 2759
1201 755 18372
971 2381 12408
1980 767 2298
3186 3172 16181
950 698 17797
965 1614 5277
595 1325 10364
567 2136 6893
2146 351 5610
430 2199 118
3076 1307 10698
1360 3126 4452
2937 1734 8287
741 1608 3592
1729 2284 11116
1724 2060 1860
2500 503 6021
15 38 9123
3147 80 15518
1079 2869 16029
1737 2027 3811
254 87 330
530 3046 1504
1897 2273 4530
1717 2625 4758
2921 754 14008
1073 2034 15641
2336 954 17201
1068 2784 15203
2451 1250 13962
1045 183 11501
1223 1366 11038
1809 2971 5432
823 1335 9137
1974 805 13413
503 2695 11658
751 2425 6500
384 1135 2830
2004 2147 17328
1049 520 11725
2619 1039 7880
1051 1257 3831
940 604 15512
2666 1526 14405
1591 247 18019
2902 1915 5209
1813 1993 18569
1745 165 10589
2788 1767 18
1239 1867 1239
897 747 14264
1299 729 15934
167 2602 7606
1718 1784 11335
2166 1253 9404
336 456 19528
2296 1235 7650
2811 3166 10052
731 1096 2561
220 2413 10614
1175 1463 17901
2377 1376 3013
1470 1766 19247
846 2402 4371
1627 968 13963
1218 2369 17402
2040 2129 235
1282 1972 19548
3184 1982 17531
396 3120 13595
1420 3091 5647
2127 54 9522
3101 1470 19507
761 1849 14848
3192 1227 1714
2800 2793 10454
689 1583 7698
480 174 7044
380 2243 20286
567 69 16193
47 327 12275
1787 2616 15807
3136 309 11198
2200 1292 7677
584 1840 4630
2677 2436 5790
1865 1209 14546
3033 848 16673
966 1053 15672
101 2682 18596
1592 479 15524
1026 2707 12460
2746 1996 8132
486 1359 16888
1411 1979 4851
1724 2820 20628
1481 329 13024
1662 3196 20260
2830 1067 3169
976 1980 13020
506 2224 14166
1963 2227 19207
3142 2866 8847
2665 3081 15812
950 2142 15594
742 3131 8636
2030 3101 6028
2327 634 9289
2471 828 13367
2893 1257 17742
665 997 16113
193 1953 18464
955 1607 18005
797 2222 11755
651 527 549
1795 1024 14378
2830 2117 10874
2058 2050 3622
2747 1523 20628
1158 54 2577
5 868 16667
1583 900 6838
807 2174 640
2102 2715 3350
3148 1553 13629
726 659 2675
1548 678 16401
1581 1032 3193
801 2814 11114
2478 915 19341
1486 1209 7357
326 1704 20229
1800 2647 10153
842 1344 16673
3165 874 6353
793 2444 13411
253 168 2124
1794 662 18005
2714 1302 12819
785 3016 1990
2843 1147 4089
642 1702 8623
566 1559 16026
744 73 9188
2959 2291 12718
1537 1127 13269
443 303 14427
1874 2479 7720
1146 615 13141
1622 40 15709
276 2059 17836
2738 2009 2918
2107 928 1726
1660 1427 9241
2143 2378 3707
2829 2796 4015
1471 1473 585
1192 755 12086
614 607 11842
2830 323 11164
2453 2711 13164
1555 2843 13338
2163 119 17377
968 1897 8354
1042 1307 4709
81 1762 19985
2389 2783 18046
1734 512 19887
780 2063 18587
1409 2802 5872
3119 1686 18097
3012 36 17265
3135 1977 14197
2140 3070 19110
825 1620 4243
2112 509 18867
2134 2002 9434
3073 799 8364
836 1622 10028
1705 2988 20807
309 8 20564
3060 1200 3086
823 1588 3221
947 1029 4137
2835 1150 10232
2660 1708 14847
2165 1805 14105
874 56 10477
1951 2363 3133
1093 691 4326
1823 3024 14635
1349 2568 11862
370 1394 19024
1025 882 20357
882 529 9507
2784 2477 3842
436 1898 5043
1838 42 4082
1086 2447 793
582 1906 19918
188 300 18670
1204 1911 699
674 1597 4686
2748 1658 9524
286 2074 7792
1784 2621 4050
1600 366 7115
2470 86 3470
1783 1079 533
2079 3118 12682
3041 2758 13980
1149 1488 17657
2309 2977 12649
59 694 4211
2762 630 15668
3046 2831 6670
668 239 4953
272 255 11434
696 216 8665
38 2510 5285
570 477 9780
147 2401 2370
1190 2130 13377
1032 238 1790
2401 1536 8071
2824 2408 13950
803 1176 4071
2072 2879 7418
2281 968 7013
1357 1070 6888
380 2 14365
3120 3176 949
2182 435 19611
2640 1117 965
2694 2911 13977
1606 141 3995
2065 3045 13911
2326 905 7046
2908 1819 3706
2130 1291 6
2331 1060 11326
527 519 13261
1332 2348 10208
1430 2918 14656
212 2240 5978
2052 1015 20394
1691 2246 10547
2020 783 2587
1642 2823 9037
1610 1095 15525
2762 405 3454
1548 1568 13832
549 2338 7748
1270 2597 5636
95 2561 9730
860 2958 4230
1496 3167 6898
209 2970 5754
2993 1578 5462
791 1666 16366
601 483 11858
931 760 2068
1207 2000 17986
3027 1512 9405
210 845 4620
1457 2786 1323
826 2312 7916
1143 279 12345
2135 2855 19487
796 106 3735
43 185 9590
2057 449 18254
2864 2098 8082
1552 2736 8925
2967 2558 6641
862 840 3566
2583 2362 9992
418 250 2344
1236 861 12042
93 2352 13702
1913 839 10570
2725 2553 16564
2911 1147 8535
2242 2339 17027
2590 1374 3983
821 1351 1232
2413 1156 7328
423 1229 18852
1517 1953 15761
1095 2943 13211
859 628 14451
2170 579 3140
398 1047 3589
2511 1757 12250
2217 444 7774
1558 351 16495
960 2211 20732
1925 38 5248
983 1492 20561
35 635 14003
2252 1697 4760
2469 2943 13834
260 2525 20260
1838 3012 5536
1981 566 12821
1799 431 371
2891 2878 18345
1754 598 15331
496 584 8625
888 1785 8273
1731 344 9150
1424 1917 9375
2576 2282 16492
1779 2580 7585
1829 300 19081
300 1456 8492
1267 870 16855
2695 1297 12073
2233 708 13058
1249 1848 20259
2005 2835 16946
2966 22 6092
2306 3059 13067
874 640 17845
3045 1204 8480
2599 2184 16892
656 2237 3061
820 2154 13992
2935 776 10826
307 2811 4765
1550 2146 11789
1013 426 8928
1100 2185 13256
2609 1 18552
2226 1434 13464
1178 2457 15668
958 2667 9588
3081 1260 17562
522 446 2841
2921 1713 16111
1404 2049 8664
2860 2953 20306
1516 1515 10993
1982 2240 2124
1888 2125 104
697 2122 10861
827 2341 5323
616 994 4716
1086 2795 19214
1685 2536 20171
1800 1016 11390
2284 1170 16641
1869 1651 5225
2370 187 15054
1538 2013 5339
905 1997 7976
2953 1375 10675
2055 511 16947
2705 307 9905
932 686 15040
2873 2347 1589
647 214 11933
1556 1635 1396
630 1980 9155
2713 2115 9434
453 281 6225
2772 2773 10019
2604 1265 2883
1252 1780 1260
1600 1451 7183
2656 527 10750
153 856 13384
3053 2686 15979
891 3000 7514
1239 628 20416
2347 2108 12143
1488 220 9865
2977 1881 6721
1284 2142 15256
2872 3167 19262
73 1206 11388
2496 2036 13722
1823 3021 11385
1196 1193 13196
2005 2830 4290
165 2491 3444
1577 1111 772
2680 2630 6236
235 887 3596
366 1679 729
568 2534 13431
2357 1213 2034
766 2821 11586
1925 1779 1804
1684 1618 18133
1528 2915 15348
1215 2521 12799
1838 2857 2577
348 1123 18082
191 998 1704
1148 1465 8612
270 3094 15613
1227 1955 16979
2182 2203 15954
1844 2393 9812
2091 1994 1643
1603 3144 5308
2255 905 12692
2982 870 12103
1583 160 2037
2939 1339 20311
115 1709 12315
1195 65 17395
2725 3141 15945
677 2186 226
2558 1011 6383
2597 781 12903
298 2476 20302
145 2858 12602
1901 2109 7052
450 3147 15177
351 2759 1439
2115 3044 7542
2453 2244 9524
2559 2351 16168
1250 1829 3350
1530 3184 18657
2571 71 3882
1917 1769 6509
45 683 9506
1299 716 15100
1286 2296 12615
1661 1730 8443
1616 158 20160
1706 2696 14103
2728 1108 20009
250 1563 8253
449 561 10133
2761 2395 7090
2187 843 12801
2865 919 15397
3042 2883 8132
192 1657 10682
1761 1867 19648
1415 14 2775
2080 549 6290
1468 1392 9411
2724 2185 11098
800 1053 13939
313 1933 4697
1773 3010 7765
1903 2037 19872
1768 991 4551
217 1069 8436
1457 1564 14492
2368 652 20186
550 1769 17794
766 1944 492
188 858 19486
582 647 18424
3040 1236 20179
1692 911 5056
2203 3178 11940
1465 2209 19045
2880 2733 14622
2535 1206 1954
89 402 15878
2737 615 4203
1808 2591 4962
1919 852 10950
2462 2782 9749
1442 2887 725
229 2710 14137
394 158 8009
2282 1594 5620
2284 2074 14913
2343 1967 4455
2735 1001 8300
893 1801 5674
1834 962 10215
219 615 16316
3090 3181 5203
344 1000 17358
2723 1158 18076
1949 273 12511
1738 805 2876
537 2307 549
2917 804 13033
2467 118 17793
1081 2572 20617
1053 2029 20930
1855 432 17167
1021 1633 14080
2765 693 4090
3111 2608 10005
1441 678 17568
2677 1790 4082
3146 1844 9342
97 1412 11607
795 2231 11123
1292 1704 19053
276 172 7314
846 473 1988
185 1506 11540
120 701 5900
2673 229 20540
3185 2054 17499
2421 2341 17079
1539 1586 10892
2507 1339 3887
2181 831 14209
348 820 17971
1704 1309 16071
2087 1333 6353
1958 754 5761
2645 592 10483
1672 186 20883
1566 96 19069
252 2170 20008
3036 2888 18292
1141 1198 3924
461 1826 13616
1134 947 2131
2495 1823 13801
801 1922 18866
761 1243 14567
1734 650 7321
1391 395 20990
486 1061 10999
1404 2169 8094
2786 1218 5648
1490 2156 13729
2201 39 5549
2687 1411 19615
2219 2301 18536
1287 1342 13158
2154 199 14206
849 1324 1806
2255 2135 15422
1440 1913 5428
2711 2862 686
2224 2635 3374
1761 1965 1102
1297 2428 13015
2097 1125 10467
2119 26 6997
1154 2906 8691
1354 2818 14645
1781 1933 7501
2652 2758 7254
373 141 1841
2931 1398 702
431 1721 5987
1850 1304 17438
794 2166 19933
2086 175 2426
2059 730 8207
283 231 4789
965 2927 20489
2111 834 12405
374 2022 18225
1407 459 1703
442 394 1427
191 1447 12951
2207 1254 16721
1829 2249 10934
233 2237 12135
2879 2640 334
753 1097 12075
1394 1175 11297
1544 6 1867
1954 2655 20153
1518 2610 16574
381 2176 19196
2068 574 17836
1645 1120 697
2417 1270 3552
1383 2462 7693
1195 2319 16155
1193 630 10845
212 543 8901
1703 1359 2641
726 3161 10306
2408 3051 11794
560 2736 4859
672 3026 12031
1511 795 20812
1012 2014 13036
2651 211 7582
1618 2053 18639
526 411 2210
1480 363 14921
1088 2139 15995
2433 1090 2439
1301 917 18450
1044 1361 7987
221 1440 20772
9 2801 16679
2510 2117 12294
2994 1263 1331
2975 48 7676
1631 2867 12441
2254 727 11735
1866 251 20797
1171 2090 9750
1833 483 12118
426 1743 1523
1047 302 4786
1129 1673 19694
954 368 16764
225 2615 651
809 462 8522
198 1705 18007
927 2592 9694
1099 2588 5039
2388 425 242
3135 1607 3167
2358 1880 377
2537 754 16008
1741 1595 1480
2981 2015 18439
206 3092 20280
320 1589 7569
1371 199 18983
1044 763 2911
423 2295 16583
3070 2137 9151
2164 2210 7774
1706 2717 2619
1608 2171 16755
1211 3194 12443
699 2756 2791
1909 785 10938
121 2575 15270
15 2838 10517
3002 816 9830
310 1668 16179
1100 536 6899
3037 24 16909
2718 1846 8173
752 1692 4271
996 2139 18216
1629 2517 3347
2599 153 4540
1921 3127 14860
1349 2560 8643
1980 2624 5148
2085 1400 3258
430 3018 8462
2244 835 12284
3131 2634 17198
528 1626 1446
182 2397 3441
381 726 8000
1144 1311 11145
1208 160 1976
1759 2477 13255
308 1114 12467
194 1670 18811
2509 851 19592
1732 938 16015
1133 3020 4245
2134 2881 20996
1326 2784 302
2412 731 4954
1147 1045 12120
1616 1964 18383
477 976 19836
2423 3139 17970
729 2264 2200
237 2136 19045
2469 2760 20880
158 510 19606
2003 241 14139
1513 623 6901
2100 2971 19239
2959 1052 3738
1336 2113 9103
539 1304 9752
1996 1956 18147
1942 1277 15176
2185 555 18097
2983 2139 17440
1707 1970 7194
682 2644 19397
1626 1431 2208
2523 75 18974
3156 946 14560
371 2115 5791
1389 2073 15381
1079 514 20593
1252 879 2871
2329 84 11400
1293 1808 16480
241 1449 1507
2851 2839 19963
647 858 16425
125 1766 18333
3095 2646 20960
1130 1550 19387
865 2744 12305
2843 446 313
2984 2635 4672
1022 1655 3157
2381 1014 1932
2567 2852 18773
27 1667 18293
190 2013 12256
2547 138 3152
1716 164 5495
8 309 10736
2266 1278 18104
282 1130 4650
169 2445 16003
571 495 11012
1760 2058 12581
2171 255 15737
2214 3035 6788
2948 571 3433
2443 1495 19633
1574 610 9610
665 414 16892
1924 946 2117
683 1939 15296
2400 2502 5739
1392 2851 11302
2344 2412 215
988 694 8368
3163 370 12874
2956 134 15348
2658 3008 11733
1511 1621 5384
3069 2163 1766
1963 621 13527
2206 1131 6669
1859 2272 8908
1935 1105 10432
163 1825 3041
2490 1986 14967
1668 1128 18764
160 3137 13953
2544 1533 8133
2228 24 17353
1038 2125 15964
1214 751 377
446 2601 11102
2586 2052 19129
867 318 3381
1421 2088 3563
1257 2679 20036
3159 1942 17897
1851 923 10473
820 1495 14857
2866 2882 18266
2455 630 759
1750 3066 17287
1716 2338 7243
1749 1302 14731
2850 3139 14853
1512 2001 14242
3178 1535 19410
3084 2951 16455
1424 2276 9329
1084 2495 371
2806 2865 9425
2460 2656 18905
1007 3171 6733
528 1414 18220
1480 2456 14536
1794 2525 14816
1760 1291 9335
1486 175 13374
1509 2962 15265
3175 2025 10107
1065 2031 8355
1261 2815 11368
1017 21 4125
1350 517 1705
2570 1592 18405
2681 1427 7031
1472 1054 5752
562 2490 1694
3072 2504 8661
2785 1778 14667
363 2663 12307
2813 1310 19633
1979 1013 2432
55 2305 17164
2052 14 7393
2040 1633 19944
554 897 9217
1842 2858 3085
1457 1570 4661
1274 304 5818
2187 624 11723
2779 1732 19084
2691 2331 11450
215 2252 10614
658 370 743
730 2296 4218
1686 2879 18137
3033 810 9923
2662 2528 19183
29 2718 7812
327 2734 19128
1911 346 5409
3022 442 11513
500 530 13713
275 2028 3051
2761 702 18273
488 2780 3061
892 97 11018
2338 832 9679
944 2485 3162
42 1820 10708
804 1556 8730
1575 1454 12089
2655 2781 20470
955 1239 6185
3010 3182 17610
1317 1917 10024
118 1851 9137
716 275 1943
2634 612 15926
225 69 8197
2512 2209 19960
1335 201 5184
2771 1686 2675
1591 335 7947
534 2460 8347
3058 1070 4083
496 154 10949
3037 1115 13083
412 837 15520
468 2932 19310
2337 698 13812
2306 623 10246
2850 2004 18747
302 830 3139
1256 817 17290
2880 1879 1015
2318 604 20780
167 2893 10428
2276 3185 18060
2848 161 20691
2298 2030 9578
2630 2856 4152
1910 1493 6213
1757 312 3203
1599 2694 1285
941 3153 6569
284 271 1332
1111 3158 17243
2739 185 13496
1003 2523 6339
344 2134 3809
658 2425 7898
2558 2239 19345
3181 2866 12878
992 2395 14486
1652 2120 6960
2966 798 15098
706 1013 13146
2728 2224 11329
1127 2266 15624
319 2097 10843
880 2059 20860
873 54 14151
790 1244 7458
852 2199 2961
1501 2924 16941
1229 1197 17148
151 2623 19800
1171 1652 12935
3087 37 13256
2947 2829 12156
3047 1468 11025
2935 2176 13197
1010 1518 16248
1833 871 15246
2129 2236 1544
2722 1014 9732
1725 2552 18980
2747 2469 12582
1873 3057 15752
564 2007 15478
567 2506 20686
2167 2921 12572
1740 1942 14653
2321 1387 13007
2087 2545 7732
803 3016 8714
1340 1047 3593
2992 2969 7740
3196 2885 19977
2455 2572 2355
1456 1597 13487
2537 2412 2005
478 551 14373
1763 1651 2007
1440 1338 132
1621 1541 20918
2108 678 10382
2579 2384 5212
2372 572 14891
2622 2457 6262
143 2320 17927
690 1489 6220
2255 2356 5728
2738 2646 10053
1006 639 6664
2440 2528 10330
2719 3070 15929
534 2591 5939
2547 1615 13933
1748 2517 3961
1265 2029 17722
2315 1436 16136
2621 1717 2698
1013 118 18938
2365 510 15951
1446 232 6402
1072 1914 10469
3096 2994 18025
1253 1350 18221
1832 2842 8023
220 1195 20837
2021 110 14365
1987 3074 4911
2583 2927 16531
733 1040 20754
1922 3121 13018
2455 704 18746
2772 2399 1479
2465 658 7512
1488 2186 20316
2030 523 13718
2246 799 13167
2128 125 11233
3012 488 10648
157 507 18267
986 1706 1631
39 1553 20931
277 2557 10957
2662 1875 10984
11 2480 17894
981 194 16088
1636 1368 706
1308 1561 9427
403 1986 3286
1118 2879 7965
1168 486 6759
1197 2646 12887
2251 2195 394
1560 1577 12313
1187 497 14473
1239 2453 7335
764 2502 16006
2388 2528 19839
515 991 8992
1968 631 8236
2545 1969 2689
353 2455 19000
187 708 12010
2110 2080 18034
361 2433 1704
2995 712 11493
190 1702 12599
2017 2763 900
125 1567 2946
601 1766 12926
983 3166 7172
385 673 18393
2120 2795 19748
1528 1238 16108
491 1788 8610
326 1564 20062
216 1306 12979
1797 2549 14549
1623 2098 5885
1936 2775 10157
1261 2570 18873
2874 399 13059
373 96 11250
208 1776 13868
1544 774 827
1852 1608 5852
123 696 20568
145 1966 7881
2966 77 253
2157 2012 8261
2384 528 4745
3 2491 4134
1564 2628 5035
2526 2339 12515
583 1586 20824
1429 381 16127
106 596 13367
1545 734 11699
989 622 1657
3021 1195 16129
2285 2251 8276
2182 1846 12248
2632 1584 19492
1012 1291 16299
1232 2741 4046
879 3172 20703
1287 3190 20694
748 333 9960
545 2140 565
899 2846 2455
3078 2782 13609
2032 208 5304
54 315 1313
2559 2930 9578
1916 401 6788
1194 193 2427
2961 1921 15905
696 637 11546
111 93 18947
2718 2068 16576
2733 2079 1280
1199 1401 17155
587 167 20280
2061 889 20326
760 2845 14862
2781 1053 7872
2157 138 6355
2467 2904 20979
2440 736 72
1179 365 8582
2151 299 4443
2089 285 19120
615 1104 17038
2532 2346 6090
843 451 7043
230 1728 16118
1895 2656 17969
2208 207 9680
481 509 13181
2303 2936 4315
3156 1983 3139
697 2621 13988
1741 868 7609
1799 801 15000
3145 2168 1525
1131 2982 16712
1690 2595 7143
1041 2255 13659
2244 289 14781
3074 3098 4427
2415 1919 18215
880 2096 6803
585 261 19624
379 3148 9993
699 2312 2449
562 382 8024
872 567 18729
1960 1607 17871
733 294 15629
902 1659 6608
2176 1625 11624
812 2427 12598
2178 3151 4423
1263 2278 1649
300 289 14776
3093 790 2630
139 2401 570
3024 494 555
433 2531 9790
1929 681 11764
923 2653 16443
2888 1 1631
1139 2017 12916
1230 457 9455
2900 1743 14233
569 2364 2174
852 2781 12925
776 1210 4641
2902 3185 7801
156 1376 19481
582 3012 13712
3030 1890 10789
548 564 14700
2415 854 1916
1862 3062 12727
1881 1747 4530
2981 2759 398
1005 1688 9835
826 440 13364
1467 21 2153
57 1739 19363
2469 1077 3829
1368 1917 2420
425 799 14558
821 3047 19597
2986 1501 14377
1253 206 1736
3105 733 17426
2444 926 2531
1347 169 13903
176 699 9345
1065 1844 12600
2596 3055 11583
3077 2378 4845
775 3044 18340
1042 3022 9753
2152 1348 9581
735 1789 13129
1162 1703 17763
441 322 2080
404 2558 6866
966 1173 14627
2243 2884 6326
78 731 2597
349 420 11723
3019 1845 14346
2598 903 7813
747 88 6312
2992 1778 10975
3090 3158 2512
1603 1247 18424
1080 1762 8432
2765 2496 8861
1092 2097 7540
2299 1998 11588
3014 368 12481
1319 1688 19774
1137 1379 18783
3006 1474 8633
2896 6 15249
637 1111 18172
3159 1859 10997
581 680 15898
2712 3154 3680
2263 1164 15034
696 586 9755
126 2137 16396
724 1015 6443
1591 2274 19652
1382 1614 9200
435 3191 14243
2178 1286 20639
2209 974 7520
464 435 3279
2608 2871 13078
2279 3068 15901
1268 1059 8725
2793 1132 10062
104 1875 14573
538 1370 2789
2779 3195 19141
1255 1756 13934
3025 1956 10292
1742 2422 3619
2358 895 10965
554 2907 15234
2185 162 9826
167 43 13591
3045 2356 5803
2859 2431 15309
1804 452 8010
375 118 10148
2059 2325 10188
731 748 13113
1374 2145 17727
955 1609 5215
2112 1344 7225
494 20 3515
1841 2927 1912
2633 1480 19861
1535 42 6598
71 1396 13850
1070 1176 2690
3193 712 8572
389 830 16410
1387 926 2892
1941 2080 7873
2756 319 13683
2478 1198 18583
2350 1348 6149
2889 609 19640
2715 1132 576
622 346 6246
448 213 16708
3162 1816 19648
2553 401 7884
1024 3199 1800
312 2283 5683
1252 2904 14917
1806 860 18431
2848 1313 10986
2966 2908 5159
990 487 10297
2669 781 11065
739 1232 2837
2762 1746 14166
2076 391 5541
1967 2505 18704
3189 722 14226
1825 377 4807
1481 3121 20465
2057 3074 10018
2544 864 16947
1966 2836 15795
2875 168 9410
2408 84 17599
2303 2770 4163
920 339 14015
1190 2254 2502
1505 1396 267
1022 2089 16688
3025 1651 7965
2129 2142 10320
1545 3015 1056
768 2315 9365
1341 2088 15940
1849 2248 14430
1507 1564 5685
35 2054 345
882 512 9236
221 2093 7804
3125 1218 16124
537 2094 7205
1823 1711 16605
1210 2861 5640
2673 964 15604
669 3092 20943
1083 1737 10590
1430 1798 17400
2925 1659 17599
2455 655 9926
659 1829 9829
146 1894 4522
2444 1794 15481
551 2788 19303
3064 2068 5200
1287 120 15360
1703 71 8576
2580 309 11765
758 1309 3937
646 2186 7612
2849 2527 14447
172 248 10148
1294 2438 4383
2623 1820 20325
212 1699 18079
2316 1788 20358
1939 972 16765
1364 1810 15288
895 1030 2758
1423 1864 18133
49 217 2044
1974 1612 9809
1753 2636 13309
857 2237 16971
3136 259 5398
3179 611 14542
1616 2390 9327
3138 847 11568
2689 36 17276
2991 44 6117
384 1244 10833
2967 1034 3426
812 3127 2958
785 1955 6570
2576 608 19387
1737 750 4955
521 1297 9191
1480 533 11459
2468 2023 17685
1363 2103 9899
152 3079 5010
1447 2340 17957
2435 2911 8730
3136 132 18198
529 2694 11245
2554 1727 601
2612 2673 9249
2160 1765 18872
2839 109 19832
1705 1847 13198
2337 1449 16391
1031 233 9766
2572 2401 4665
1427 307 19273
1946 288 13401
2117 109 670
3098 3133 144
2367 162 16456
2295 35 1015
1469 2934 19173
2122 2716 8235
704 398 17684
709 1503 17467
448 2666 19550
1071 1876 8639
2001 827 10843
1435 2579 12188
1033 447 20576
3118 1343 961
2199 107 18386
228 1998 10693
2665 1530 13966
2526 933 18973
1141 3007 15970
1399 3004 11545
2428 375 17569
2426 1522 3052
1579 2345 4023
2384 993 14626
442 1277 9384
634 1084 16331
1846 1230 14636
350 1064 6781
2893 3089 6486
1793 2411 4718
1358 2516 17434
1874 2839 4408
1545 1368 4677
2130 1032 19254
1320 1444 2060
2483 2601 11154
2350 2422 3203
3156 1660 13437
3062 2233 16204
2023 70 3546
1580 895 5439
2852 1314 13593
1961 1887 3055
303 2726 19530
1823 618 10038
2357 1438 5383
2964 1713 1967
2271 2074 20998
959 2905 7723
2551 2900 3315
1175 2439 6903
1411 2971 15128
3031 544 7179
756 939 12145
1103 453 15676
1802 315 20261
2701 1509 110
2930 2767 17552
233 2388 14935
1353 2530 17041
1312 803 7177
798 1096 15475
1354 1972 16443
1547 3153 20598
658 1349 18761
2882 2140 20789
2836 1715 4343
2174 1178 8536
2665 1185 20007
706 805 5201
124 1780 2032
994 2751 4996
1172 3176 1720
373 2375 9922
924 1445 15144
2583 1316 4535
1943 303 679
1113 2938 113
2411 2122 8302
1040 2916 12114
2965 3048 5759
43 1788 3385
1473 2999 3073
1905 2300 19881
2381 357 15380
2383 311 5385
