1601
3201
0 1 1861
1 2 170
2 3 575
3 4 1490
4 5 1285
5 6 188
6 7 306
7 8 228
8 9 1538
9 10 81
10 11 628
11 12 343
12 13 1115
13 14 1477
14 15 22
15 16 1086
16 17 1154
17 18 1576
18 19 1985
19 20 207
20 21 377
21 22 1431
22 23 1133
23 24 1640
24 25 1034
25 26 1040
26 27 1035
27 28 330
28 29 1992
29 30 368
30 31 1632
31 32 919
32 33 1148
33 34 796
34 35 1674
35 36 1922
36 37 70
37 38 291
38 39 1828
39 40 1716
40 41 1123
41 42 563
42 43 87
43 44 42
44 45 383
45 46 1750
46 47 1910
47 48 1759
48 49 93
49 50 1857
50 51 1302
51 52 585
52 53 301
53 54 1214
54 55 1530
55 56 964
56 57 1162
57 58 582
58 59 273
59 60 1937
60 61 367
61 62 1487
62 63 1515
63 64 983
64 65 83
65 66 457
66 67 1050
67 68 928
68 69 1038
69 70 312
70 71 1272
71 72 175
72 73 1874
73 74 1956
74 75 583
75 76 687
76 77 1924
77 78 163
78 79 537
79 80 1201
80 81 972
81 82 1353
82 83 142
83 84 379
84 85 505
85 86 137
86 87 538
87 88 403
88 89 1811
89 90 1657
90 91 1203
91 92 924
92 93 528
93 94 67
94 95 1317
95 96 1071
96 97 1738
97 98 1962
98 99 1618
99 100 1490
100 101 1809
101 102 65
102 103 1687
103 104 459
104 105 1733
105 106 152
106 107 1163
107 108 1271
108 109 509
109 110 871
110 111 1220
111 112 161
112 113 1320
113 114 436
114 115 157
115 116 124
116 117 8
117 118 1384
118 119 165
119 120 612
120 121 1164
121 122 1074
122 123 552
123 124 1269
124 125 879
125 126 176
126 127 1492
127 128 376
128 129 218
129 130 423
130 131 1326
131 132 1654
132 133 693
133 134 1213
134 135 122
135 136 1639
136 137 1372
137 138 425
138 139 1590
139 140 611
140 141 63
141 142 1984
142 143 95
143 144 755
144 145 1416
145 146 635
146 147 990
147 148 1642
148 149 773
149 150 1158
150 151 303
151 152 240
152 153 441
153 154 1314
154 155 43
155 156 1503
156 157 933
157 158 1706
158 159 1887
159 160 1656
160 161 1215
161 162 1235
162 163 1958
163 164 1926
164 165 952
165 166 1587
166 167 514
167 168 1504
168 169 574
169 170 1163
170 171 1114
171 172 145
172 173 661
173 174 406
174 175 171
175 176 1620
176 177 892
177 178 710
178 179 106
179 180 672
180 181 192
181 182 713
182 183 144
183 184 1740
184 185 822
185 186 1600
186 187 1569
187 188 664
188 189 1379
189 190 546
190 191 701
191 192 871
192 193 1521
193 194 420
194 195 1959
195 196 905
196 197 678
197 198 1962
198 199 1918
199 200 631
200 201 228
201 202 13
202 203 715
203 204 1686
204 205 1213
205 206 1325
206 207 873
207 208 1373
208 209 1880
209 210 1285
210 211 1340
211 212 685
212 213 975
213 214 1050
214 215 229
215 216 1076
216 217 1932
217 218 77
218 219 109
219 220 526
220 221 31
221 222 1025
222 223 1240
223 224 363
224 225 1584
225 226 486
226 227 1205
227 228 1035
228 229 1335
229 230 866
230 231 1503
231 232 700
232 233 514
233 234 1516
234 235 605
235 236 1531
236 237 218
237 238 1702
238 239 1872
239 240 1161
240 241 1679
241 242 219
242 243 286
243 244 902
244 245 292
245 246 1700
246 247 720
247 248 1024
248 249 1930
249 250 1871
250 251 165
251 252 1481
252 253 1792
253 254 643
254 255 102
255 256 1124
256 257 726
257 258 1022
258 259 1045
259 260 1862
260 261 1503
261 262 1327
262 263 1985
263 264 1489
264 265 750
265 266 808
266 267 447
267 268 1105
268 269 953
269 270 234
270 271 1495
271 272 451
272 273 843
273 274 1118
274 275 1906
275 276 1524
276 277 670
277 278 1872
278 279 1219
279 280 677
280 281 1626
281 282 1904
282 283 1517
283 284 1535
284 285 1979
285 286 361
286 287 1493
287 288 1602
288 289 1327
289 290 276
290 291 1401
291 292 1254
292 293 39
293 294 1407
294 295 15
295 296 1955
296 297 1996
297 298 220
298 299 1801
299 300 1314
300 301 215
301 302 68
302 303 1091
303 304 1200
304 305 818
305 306 340
306 307 1531
307 308 1578
308 309 1827
309 310 1766
310 311 452
311 312 1546
312 313 1457
313 314 550
314 315 944
315 316 1343
316 317 1191
317 318 184
318 319 274
319 320 1760
320 321 1979
321 322 1257
322 323 1179
323 324 1109
324 325 1383
325 326 19
326 327 1143
327 328 1434
328 329 1867
329 330 1990
330 331 167
331 332 1403
332 333 1160
333 334 1271
334 335 1728
335 336 1914
336 337 248
337 338 1059
338 339 579
339 340 1171
340 341 562
341 342 122
342 343 1507
343 344 1357
344 345 221
345 346 1361
346 347 209
347 348 605
348 349 1235
349 350 791
350 351 269
351 352 1042
352 353 1112
353 354 853
354 355 672
355 356 975
356 357 208
357 358 1204
358 359 1133
359 360 876
360 361 1715
361 362 435
362 363 122
363 364 985
364 365 29
365 366 374
366 367 589
367 368 355
368 369 331
369 370 912
370 371 1920
371 372 598
372 373 1818
373 374 1222
374 375 1180
375 376 1204
376 377 1563
377 378 1489
378 379 9
379 380 1091
380 381 1572
381 382 510
382 383 835
383 384 192
384 385 1351
385 386 1800
386 387 311
387 388 54
388 389 114
389 390 773
390 391 1821
391 392 1332
392 393 215
393 394 667
394 395 391
395 396 1153
396 397 641
397 398 1273
398 399 133
399 400 1162
400 401 1957
401 402 361
402 403 840
403 404 396
404 405 1104
405 406 555
406 407 1181
407 408 878
408 409 8
409 410 1422
410 411 225
411 412 1987
412 413 1762
413 414 1218
414 415 1210
415 416 1819
416 417 284
417 418 1941
418 419 1055
419 420 1477
420 421 1001
421 422 1411
422 423 1433
423 424 186
424 425 147
425 426 986
426 427 789
427 428 326
428 429 1028
429 430 400
430 431 1402
431 432 225
432 433 1498
433 434 1105
434 435 1835
435 436 123
436 437 1490
437 438 269
438 439 410
439 440 1898
440 441 365
441 442 1161
442 443 1538
443 444 1538
444 445 1704
445 446 1073
446 447 1237
447 448 1755
448 449 1237
449 450 1681
450 451 1009
451 452 536
452 453 108
453 454 621
454 455 1960
455 456 428
456 457 1155
457 458 37
458 459 494
459 460 1775
460 461 956
461 462 148
462 463 682
463 464 1063
464 465 193
465 466 1530
466 467 1959
467 468 613
468 469 1835
469 470 47
470 471 1936
471 472 1065
472 473 1395
473 474 196
474 475 1849
475 476 1566
476 477 1897
477 478 1023
478 479 1286
479 480 899
480 481 13
481 482 945
482 483 1344
483 484 1208
484 485 1699
485 486 1396
486 487 809
487 488 326
488 489 1436
489 490 671
490 491 1157
491 492 326
492 493 561
493 494 1528
494 495 1542
495 496 517
496 497 754
497 498 1020
498 499 404
499 500 1861
500 501 715
501 502 550
502 503 663
503 504 1026
504 505 137
505 506 199
506 507 385
507 508 238
508 509 528
509 510 1615
510 511 1545
511 512 65
512 513 400
513 514 1395
514 515 547
515 516 1908
516 517 656
517 518 135
518 519 13
519 520 725
520 521 230
521 522 401
522 523 431
523 524 780
524 525 1637
525 526 685
526 527 255
527 528 1887
528 529 392
529 530 1484
530 531 1120
531 532 1558
532 533 585
533 534 462
534 535 1911
535 536 1994
536 537 1685
537 538 956
538 539 1951
539 540 1116
540 541 447
541 542 1084
542 543 823
543 544 678
544 545 742
545 546 1425
546 547 269
547 548 802
548 549 332
549 550 1694
550 551 472
551 552 1303
552 553 787
553 554 424
554 555 1277
555 556 578
556 557 1646
557 558 180
558 559 127
559 560 1690
560 561 326
561 562 1062
562 563 622
563 564 886
564 565 1427
565 566 1721
566 567 443
567 568 1386
568 569 1341
569 570 1344
570 571 808
571 572 1917
572 573 1412
573 574 972
574 575 489
575 576 1541
576 577 1757
577 578 1251
578 579 1409
579 580 731
580 581 914
581 582 96
582 583 882
583 584 1139
584 585 592
585 586 611
586 587 1150
587 588 1115
588 589 1572
589 590 1216
590 591 1616
591 592 1192
592 593 1623
593 594 869
594 595 14
595 596 566
596 597 1079
597 598 1538
598 599 521
599 600 1475
600 601 88
601 602 1419
602 603 510
603 604 149
604 605 201
605 606 1310
606 607 1468
607 608 67
608 609 1410
609 610 422
610 611 1531
611 612 305
612 613 1121
613 614 123
614 615 1064
615 616 1227
616 617 1588
617 618 941
618 619 427
619 620 1350
620 621 589
621 622 433
622 623 362
623 624 1836
624 625 661
625 626 557
626 627 784
627 628 595
628 629 1754
629 630 419
630 631 436
631 632 390
632 633 523
633 634 104
634 635 977
635 636 337
636 637 1721
637 638 710
638 639 371
639 640 127
640 641 1886
641 642 1942
642 643 1510
643 644 477
644 645 1952
645 646 1961
646 647 709
647 648 1597
648 649 1927
649 650 1798
650 651 1020
651 652 627
652 653 1995
653 654 541
654 655 258
655 656 776
656 657 334
657 658 1174
658 659 269
659 660 775
660 661 649
661 662 1279
662 663 1588
663 664 1259
664 665 1688
665 666 1994
666 667 493
667 668 669
668 669 262
669 670 1741
670 671 1192
671 672 208
672 673 1933
673 674 1725
674 675 815
675 676 611
676 677 351
677 678 334
678 679 1240
679 680 30
680 681 52
681 682 292
682 683 908
683 684 825
684 685 1359
685 686 1115
686 687 552
687 688 775
688 689 1537
689 690 173
690 691 1926
691 692 1141
692 693 675
693 694 1505
694 695 1054
695 696 665
696 697 1507
697 698 857
698 699 770
699 700 528
700 701 624
701 702 1680
702 703 1695
703 704 35
704 705 1679
705 706 558
706 707 713
707 708 1919
708 709 1090
709 710 1106
710 711 1347
711 712 1372
712 713 1328
713 714 393
714 715 18
715 716 1519
716 717 1624
717 718 982
718 719 850
719 720 2
720 721 1132
721 722 209
722 723 1501
723 724 1720
724 725 819
725 726 1976
726 727 1083
727 728 1525
728 729 62
729 730 196
730 731 428
731 732 592
732 733 668
733 734 1429
734 735 1585
735 736 1162
736 737 821
737 738 606
738 739 1185
739 740 1567
740 741 977
741 742 204
742 743 4
743 744 1712
744 745 1328
745 746 638
746 747 166
747 748 1546
748 749 1279
749 750 400
750 751 1268
751 752 1971
752 753 1202
753 754 885
754 755 1064
755 756 1458
756 757 1857
757 758 1706
758 759 573
759 760 420
760 761 1828
761 762 102
762 763 1954
763 764 307
764 765 818
765 766 931
766 767 675
767 768 657
768 769 209
769 770 1648
770 771 1672
771 772 905
772 773 1044
773 774 964
774 775 1764
775 776 1122
776 777 127
777 778 1371
778 779 197
779 780 1367
780 781 1141
781 782 626
782 783 1595
783 784 1676
784 785 555
785 786 1669
786 787 1411
787 788 396
788 789 1313
789 790 1243
790 791 1152
791 792 1341
792 793 427
793 794 739
794 795 699
795 796 35
796 797 1609
797 798 568
798 799 843
799 800 824
800 801 524
801 802 506
802 803 1367
803 804 390
804 805 335
805 806 858
806 807 226
807 808 821
808 809 215
809 810 1548
810 811 1187
811 812 472
812 813 1810
813 814 197
814 815 260
815 816 1465
816 817 355
817 818 920
818 819 206
819 820 1836
820 821 74
821 822 668
822 823 1048
823 824 1909
824 825 452
825 826 837
826 827 221
827 828 1158
828 829 1950
829 830 538
830 831 1
831 832 580
832 833 80
833 834 1456
834 835 1126
835 836 1223
836 837 609
837 838 1654
838 839 177
839 840 609
840 841 539
841 842 1058
842 843 1517
843 844 865
844 845 739
845 846 979
846 847 600
847 848 1781
848 849 1174
849 850 535
850 851 170
851 852 301
852 853 1122
853 854 160
854 855 1496
855 856 470
856 857 801
857 858 146
858 859 1554
859 860 194
860 861 1842
861 862 1012
862 863 909
863 864 1518
864 865 35
865 866 524
866 867 807
867 868 420
868 869 981
869 870 983
870 871 567
871 872 756
872 873 247
873 874 1358
874 875 1022
875 876 1141
876 877 887
877 878 937
878 879 570
879 880 738
880 881 1924
881 882 1178
882 883 1688
883 884 166
884 885 1227
885 886 716
886 887 1108
887 888 1112
888 889 274
889 890 381
890 891 850
891 892 1703
892 893 1551
893 894 1610
894 895 1628
895 896 84
896 897 529
897 898 1126
898 899 1844
899 900 508
900 901 682
901 902 642
902 903 271
903 904 1746
904 905 762
905 906 1825
906 907 1487
907 908 10
908 909 1069
909 910 802
910 911 872
911 912 973
912 913 1735
913 914 1431
914 915 652
915 916 1610
916 917 796
917 918 833
918 919 961
919 920 1016
920 921 744
921 922 1443
922 923 1087
923 924 921
924 925 889
925 926 751
926 927 1016
927 928 1944
928 929 1262
929 930 1099
930 931 688
931 932 1641
932 933 988
933 934 1762
934 935 779
935 936 849
936 937 919
937 938 1783
938 939 1122
939 940 985
940 941 1182
941 942 496
942 943 1654
943 944 583
944 945 719
945 946 180
946 947 832
947 948 173
948 949 969
949 950 1209
950 951 174
951 952 310
952 953 569
953 954 1502
954 955 984
955 956 1952
956 957 949
957 958 661
958 959 372
959 960 1812
960 961 911
961 962 1139
962 963 1115
963 964 1927
964 965 1060
965 966 1802
966 967 1743
967 968 379
968 969 1488
969 970 230
970 971 99
971 972 1098
972 973 884
973 974 1372
974 975 1240
975 976 491
976 977 755
977 978 1510
978 979 1670
979 980 986
980 981 1968
981 982 1961
982 983 1665
983 984 1593
984 985 673
985 986 347
986 987 747
987 988 678
988 989 716
989 990 1314
990 991 1486
991 992 160
992 993 389
993 994 1007
994 995 446
995 996 595
996 997 12
997 998 131
998 999 463
999 1000 1002
1000 1001 1100
1001 1002 1731
1002 1003 1505
1003 1004 959
1004 1005 119
1005 1006 494
1006 1007 1264
1007 1008 24
1008 1009 175
1009 1010 1494
1010 1011 1014
1011 1012 1902
1012 1013 886
1013 1014 1340
1014 1015 524
1015 1016 866
1016 1017 6
1017 1018 170
1018 1019 294
1019 1020 875
1020 1021 86
1021 1022 333
1022 1023 221
1023 1024 1235
1024 1025 1666
1025 1026 1705
1026 1027 280
1027 1028 990
1028 1029 928
1029 1030 642
1030 1031 1914
1031 1032 1028
1032 1033 1698
1033 1034 185
1034 1035 1239
1035 1036 1146
1036 1037 791
1037 1038 605
1038 1039 218
1039 1040 1885
1040 1041 946
1041 1042 52
1042 1043 1581
1043 1044 1765
1044 1045 1766
1045 1046 1845
1046 1047 696
1047 1048 957
1048 1049 1021
1049 1050 1969
1050 1051 296
1051 1052 1183
1052 1053 71
1053 1054 90
1054 1055 1300
1055 1056 727
1056 1057 281
1057 1058 1456
1058 1059 18
1059 1060 372
1060 1061 605
1061 1062 1692
1062 1063 1054
1063 1064 1505
1064 1065 1566
1065 1066 1712
1066 1067 491
1067 1068 157
1068 1069 505
1069 1070 46
1070 1071 1071
1071 1072 279
1072 1073 1725
1073 1074 994
1074 1075 948
1075 1076 1215
1076 1077 229
1077 1078 1988
1078 1079 701
1079 1080 1007
1080 1081 1874
1081 1082 797
1082 1083 437
1083 1084 1054
1084 1085 1854
1085 1086 391
1086 1087 142
1087 1088 1286
1088 1089 91
1089 1090 872
1090 1091 211
1091 1092 1371
1092 1093 461
1093 1094 1550
1094 1095 766
1095 1096 320
1096 1097 753
1097 1098 1894
1098 1099 1264
1099 1100 1907
1100 1101 615
1101 1102 373
1102 1103 480
1103 1104 163
1104 1105 1071
1105 1106 1838
1106 1107 1676
1107 1108 400
1108 1109 1788
1109 1110 868
1110 1111 3
1111 1112 652
1112 1113 1174
1113 1114 1025
1114 1115 131
1115 1116 1611
1116 1117 1408
1117 1118 1451
1118 1119 1629
1119 1120 1137
1120 1121 507
1121 1122 966
1122 1123 1012
1123 1124 1796
1124 1125 1045
1125 1126 297
1126 1127 1804
1127 1128 867
1128 1129 1265
1129 1130 741
1130 1131 1954
1131 1132 1209
1132 1133 779
1133 1134 78
1134 1135 817
1135 1136 1850
1136 1137 1352
1137 1138 1273
1138 1139 64
1139 1140 1538
1140 1141 8
1141 1142 866
1142 1143 1426
1143 1144 1735
1144 1145 316
1145 1146 1796
1146 1147 272
1147 1148 821
1148 1149 1728
1149 1150 304
1150 1151 633
1151 1152 1367
1152 1153 683
1153 1154 1382
1154 1155 550
1155 1156 1142
1156 1157 255
1157 1158 38
1158 1159 919
1159 1160 1198
1160 1161 829
1161 1162 1617
1162 1163 378
1163 1164 1276
1164 1165 1447
1165 1166 805
1166 1167 1535
1167 1168 1088
1168 1169 399
1169 1170 474
1170 1171 882
1171 1172 221
1172 1173 1934
1173 1174 1541
1174 1175 890
1175 1176 993
1176 1177 1415
1177 1178 914
1178 1179 959
1179 1180 1302
1180 1181 1745
1181 1182 746
1182 1183 1493
1183 1184 1216
1184 1185 682
1185 1186 82
1186 1187 1265
1187 1188 360
1188 1189 780
1189 1190 1237
1190 1191 1268
1191 1192 1563
1192 1193 424
1193 1194 740
1194 1195 1785
1195 1196 399
1196 1197 979
1197 1198 45
1198 1199 626
1199 1200 1608
1200 1201 442
1201 1202 465
1202 1203 1591
1203 1204 258
1204 1205 133
1205 1206 875
1206 1207 1427
1207 1208 1069
1208 1209 952
1209 1210 935
1210 1211 1433
1211 1212 754
1212 1213 1725
1213 1214 248
1214 1215 540
1215 1216 283
1216 1217 1711
1217 1218 232
1218 1219 1696
1219 1220 1158
1220 1221 1714
1221 1222 1958
1222 1223 399
1223 1224 699
1224 1225 508
1225 1226 1173
1226 1227 1501
1227 1228 194
1228 1229 1851
1229 1230 1110
1230 1231 264
1231 1232 1092
1232 1233 1050
1233 1234 172
1234 1235 154
1235 1236 925
1236 1237 263
1237 1238 54
1238 1239 1782
1239 1240 1279
1240 1241 29
1241 1242 1916
1242 1243 1907
1243 1244 1839
1244 1245 428
1245 1246 11
1246 1247 281
1247 1248 891
1248 1249 1808
1249 1250 180
1250 1251 1001
1251 1252 743
1252 1253 1509
1253 1254 1157
1254 1255 1436
1255 1256 1843
1256 1257 1172
1257 1258 448
1258 1259 379
1259 1260 35
1260 1261 1619
1261 1262 526
1262 1263 1975
1263 1264 719
1264 1265 883
1265 1266 1343
1266 1267 1945
1267 1268 132
1268 1269 323
1269 1270 1672
1270 1271 1809
1271 1272 1341
1272 1273 537
1273 1274 1451
1274 1275 1224
1275 1276 1317
1276 1277 606
1277 1278 1577
1278 1279 1181
1279 1280 1454
1280 1281 535
1281 1282 1385
1282 1283 1061
1283 1284 1736
1284 1285 341
1285 1286 1535
1286 1287 1275
1287 1288 1222
1288 1289 548
1289 1290 295
1290 1291 1047
1291 1292 149
1292 1293 978
1293 1294 449
1294 1295 714
1295 1296 478
1296 1297 236
1297 1298 790
1298 1299 1332
1299 1300 492
1300 1301 1715
1301 1302 117
1302 1303 366
1303 1304 1263
1304 1305 1882
1305 1306 1282
1306 1307 974
1307 1308 1154
1308 1309 879
1309 1310 1240
1310 1311 1673
1311 1312 834
1312 1313 1943
1313 1314 1203
1314 1315 1124
1315 1316 1208
1316 1317 53
1317 1318 1927
1318 1319 1909
1319 1320 1242
1320 1321 40
1321 1322 1834
1322 1323 198
1323 1324 1480
1324 1325 1873
1325 1326 93
1326 1327 734
1327 1328 1964
1328 1329 931
1329 1330 1184
1330 1331 1337
1331 1332 1049
1332 1333 615
1333 1334 1601
1334 1335 1357
1335 1336 1990
1336 1337 1130
1337 1338 932
1338 1339 563
1339 1340 928
1340 1341 1976
1341 1342 1841
1342 1343 343
1343 1344 735
1344 1345 132
1345 1346 1140
1346 1347 837
1347 1348 1857
1348 1349 421
1349 1350 1955
1350 1351 846
1351 1352 95
1352 1353 1408
1353 1354 314
1354 1355 1457
1355 1356 1951
1356 1357 302
1357 1358 1518
1358 1359 1316
1359 1360 1682
1360 1361 236
1361 1362 1883
1362 1363 1760
1363 1364 31
1364 1365 1053
1365 1366 708
1366 1367 613
1367 1368 1201
1368 1369 794
1369 1370 725
1370 1371 378
1371 1372 12
1372 1373 919
1373 1374 770
1374 1375 1305
1375 1376 1546
1376 1377 273
1377 1378 891
1378 1379 1662
1379 1380 985
1380 1381 388
1381 1382 940
1382 1383 267
1383 1384 1188
1384 1385 920
1385 1386 1656
1386 1387 397
1387 1388 1588
1388 1389 1941
1389 1390 1852
1390 1391 553
1391 1392 876
1392 1393 790
1393 1394 136
1394 1395 1877
1395 1396 267
1396 1397 1027
1397 1398 632
1398 1399 965
1399 1400 1779
1400 1401 647
1401 1402 619
1402 1403 1743
1403 1404 911
1404 1405 1691
1405 1406 1708
1406 1407 1036
1407 1408 1534
1408 1409 17
1409 1410 1856
1410 1411 73
1411 1412 844
1412 1413 949
1413 1414 1186
1414 1415 1950
1415 1416 1460
1416 1417 615
1417 1418 1841
1418 1419 603
1419 1420 637
1420 1421 1543
1421 1422 291
1422 1423 1518
1423 1424 1295
1424 1425 1273
1425 1426 442
1426 1427 245
1427 1428 450
1428 1429 781
1429 1430 1394
1430 1431 701
1431 1432 593
1432 1433 304
1433 1434 489
1434 1435 1855
1435 1436 1449
1436 1437 1937
1437 1438 865
1438 1439 1074
1439 1440 461
1440 1441 1862
1441 1442 1282
1442 1443 1738
1443 1444 1638
1444 1445 458
1445 1446 1022
1446 1447 1775
1447 1448 1486
1448 1449 1856
1449 1450 368
1450 1451 1846
1451 1452 9
1452 1453 1190
1453 1454 594
1454 1455 718
1455 1456 1336
1456 1457 639
1457 1458 1077
1458 1459 1875
1459 1460 1451
1460 1461 1939
1461 1462 839
1462 1463 713
1463 1464 433
1464 1465 572
1465 1466 608
1466 1467 1704
1467 1468 402
1468 1469 81
1469 1470 187
1470 1471 1754
1471 1472 336
1472 1473 919
1473 1474 1751
1474 1475 141
1475 1476 413
1476 1477 601
1477 1478 1514
1478 1479 1790
1479 1480 1946
1480 1481 199
1481 1482 1984
1482 1483 1646
1483 1484 27
1484 1485 1130
1485 1486 940
1486 1487 740
1487 1488 57
1488 1489 1791
1489 1490 1644
1490 1491 538
1491 1492 662
1492 1493 1229
1493 1494 1348
1494 1495 1709
1495 1496 1976
1496 1497 256
1497 1498 410
1498 1499 1380
1499 1500 1796
1500 1501 1186
1501 1502 1088
1502 1503 1533
1503 1504 1557
1504 1505 113
1505 1506 315
1506 1507 621
1507 1508 799
1508 1509 626
1509 1510 703
1510 1511 256
1511 1512 1843
1512 1513 1563
1513 1514 836
1514 1515 1461
1515 1516 1582
1516 1517 823
1517 1518 655
1518 1519 690
1519 1520 1615
1520 1521 1978
1521 1522 502
1522 1523 727
1523 1524 1073
1524 1525 1773
1525 1526 71
1526 1527 1377
1527 1528 46
1528 1529 511
1529 1530 307
1530 1531 290
1531 1532 406
1532 1533 120
1533 1534 1683
1534 1535 57
1535 1536 1448
1536 1537 377
1537 1538 1514
1538 1539 386
1539 1540 1991
1540 1541 897
1541 1542 646
1542 1543 1804
1543 1544 1163
1544 1545 23
1545 1546 846
1546 1547 1188
1547 1548 1718
1548 1549 1069
1549 1550 1545
1550 1551 460
1551 1552 68
1552 1553 1932
1553 1554 488
1554 1555 739
1555 1556 749
1556 1557 1018
1557 1558 1626
1558 1559 1427
1559 1560 825
1560 1561 495
1561 1562 1973
1562 1563 994
1563 1564 1918
1564 1565 1006
1565 1566 305
1566 1567 1981
1567 1568 1986
1568 1569 1286
1569 1570 669
1570 1571 1469
1571 1572 1535
1572 1573 619
1573 1574 424
1574 1575 1807
1575 1576 1613
1576 1577 1072
1577 1578 1444
1578 1579 599
1579 1580 254
1580 1581 1759
1581 1582 1115
1582 1583 1872
1583 1584 173
1584 1585 1581
1585 1586 157
1586 1587 1947
1587 1588 1392
1588 1589 1827
1589 1590 1121
1590 1591 58
1591 1592 1683
1592 1593 451
1593 1594 349
1594 1595 183
1595 1596 1159
1596 1597 158
1597 1598 891
1598 1599 702
1599 1600 1640
1600 0 1584
968 622 18879
1326 392 6325
1534 1421 3557
1336 358 6877
319 1296 7194
1109 382 15472
117 722 20474
459 649 2216
738 1543 12634
305 1082 15173
1362 725 13300
368 400 13431
1113 1068 12984
121 1147 2217
134 1084 15876
940 1133 11229
631 307 1734
789 280 20325
1484 542 20014
342 467 20206
295 14 10285
219 770 5479
691 1041 18861
1082 1355 9463
1336 58 9104
1032 690 20097
991 911 981
1365 68 2929
1011 1382 624
1555 1422 15114
769 1343 5634
685 750 6630
326 1168 17577
226 790 3265
952 1371 15631
10 1140 5489
1107 872 19555
842 69 351
588 1160 3011
858 503 2445
1095 1535 7926
519 1458 6481
153 85 15849
1487 721 5253
505 1347 9535
521 1084 6426
769 1092 18297
247 505 19099
935 653 4764
222 198 19464
874 468 1517
1508 76 14922
1006 974 20102
971 1253 18629
129 1242 16615
111 583 7570
306 1035 11079
1302 524 10814
333 56 4286
756 808 13188
998 1314 17770
911 229 11021
321 297 9125
342 1296 13567
1458 35 19464
563 1057 16956
320 400 19029
1120 44 11191
996 599 8707
1327 1414 20966
645 1555 7479
770 1446 10227
685 1044 13686
180 1397 8975
490 1412 20378
1481 558 12601
459 449 19115
1538 700 10818
189 111 5724
336 316 16518
1006 362 17885
1569 367 18141
517 1396 16089
506 123 20910
364 860 19220
1595 86 2718
1382 650 3413
1516 118 13294
1495 230 20913
1325 292 8718
209 1326 18140
722 1492 1983
1507 578 12845
1322 1424 2103
1084 1567 11881
438 1268 1531
759 813 8247
2 942 9947
1554 1167 5938
319 1146 10479
1420 261 12415
107 421 18474
603 628 12659
1435 299 13347
392 249 17324
386 1422 16912
267 746 2820
449 457 15711
107 1344 18768
1200 1204 16647
631 670 11104
1433 1012 433
845 461 11255
105 198 13880
1384 264 14440
457 104 17193
244 1082 11229
768 946 1755
1208 862 13188
1536 1234 15105
529 904 12541
769 537 12853
1123 1427 14995
94 9 1983
271 1196 15142
1322 1125 11341
64 1417 4931
1475 787 20726
756 1360 19295
1064 346 3732
475 295 5023
864 621 1999
318 979 19215
1084 590 5193
283 689 8902
506 1221 1650
777 1283 14145
1208 1149 18590
230 1366 8239
412 614 16754
1479 17 18024
410 855 15771
1113 218 7389
531 1239 9034
1226 1365 14715
460 1312 8827
319 279 2900
738 1328 8158
173 410 14470
1357 1121 66
361 123 1522
940 948 12479
1190 559 2040
1137 1160 11080
588 1361 2050
250 813 1671
133 102 20503
186 1320 16763
442 924 16253
1082 92 10437
536 273 13775
910 1436 18296
203 239 14010
1442 334 17443
1231 76 15609
557 250 13220
441 857 18760
791 18 20615
203 1095 16884
945 1054 18128
879 16 19058
582 397 1453
806 982 7781
1274 848 1787
1117 1493 2613
560 69 15495
1411 335 472
1315 960 20693
1243 494 6843
1233 911 17696
161 501 20225
614 259 20068
509 1196 8288
703 1500 11804
945 888 20044
1259 124 6456
859 646 14269
63 142 3542
867 954 17871
1315 223 12725
1233 1432 7930
431 682 7657
95 625 20435
1280 15 925
79 350 16299
125 1067 2642
979 1106 18692
646 372 8858
415 385 19326
371 1015 17290
697 65 3638
383 662 8206
1045 1352 588
162 7 15641
1328 782 7852
1094 42 17800
879 1086 12741
226 724 8142
1112 975 1822
1416 1061 14201
1310 271 19022
817 1236 1328
1234 1408 12735
916 166 3524
246 193 12047
785 601 13701
46 495 9865
1233 335 8932
539 647 4787
371 1322 2229
1484 1496 6475
843 957 16271
340 1534 6495
606 1484 11518
1017 1369 20993
307 1546 10198
672 1169 20996
184 790 6493
1269 1562 1484
1484 1256 4043
1285 844 3590
156 984 469
846 1448 6757
731 855 11568
50 119 6215
748 952 7631
448 126 6319
392 924 5973
608 147 20610
1366 1148 4344
1468 800 14804
136 579 3478
1117 1232 12736
57 123 16557
1485 515 17593
799 454 18932
1507 1184 20652
1027 1406 6471
188 29 19455
1094 1307 19241
51 25 17965
1064 959 20897
1189 1570 17668
466 123 15338
1074 428 20857
633 1126 1320
975 790 17058
1402 1431 2505
788 1256 8120
84 200 18591
611 1166 6325
1201 1171 14790
1172 1599 1785
1038 1046 113
1569 1195 9522
298 909 11041
566 566 5817
1371 1230 2710
223 1416 9124
570 4 9849
651 757 14720
1073 1576 4384
791 1383 5341
1067 876 10995
482 1560 9763
761 522 1057
447 70 1225
1343 437 9223
949 239 1248
575 139 16493
377 878 16724
69 1348 5280
101 508 19635
313 806 20485
580 1021 17693
1331 1448 13428
950 204 7574
594 670 17075
1568 1489 10328
911 771 10247
476 410 2340
13 1519 4675
1572 795 11332
783 534 1055
1363 1227 16515
194 243 12842
341 484 18628
660 9 18804
1382 1596 10799
573 1140 6689
192 1204 7999
476 1450 15088
91 1533 6908
1537 247 18620
1091 667 3509
1315 69 3633
385 214 8267
388 634 3134
1440 1316 9988
1309 259 16380
705 1063 6382
622 9 14073
1526 390 17054
870 1005 5879
633 670 11148
687 304 12422
209 1147 18796
1438 1497 16842
1095 621 9197
675 795 19808
1431 1463 7628
1473 851 13541
1305 113 292
640 277 12261
1031 297 18047
514 1102 17221
236 109 5050
963 424 14624
592 1471 17432
915 1270 6118
487 898 3100
1236 647 13466
219 1279 20858
123 1373 15575
381 1534 11176
426 249 1763
119 1078 375
417 805 17140
451 872 10817
979 220 14487
168 98 8641
665 1447 16332
1420 637 8740
321 1252 14279
129 1513 20717
369 214 3400
590 1202 20064
1567 1120 5467
1555 372 19692
1331 79 18921
911 49 18288
822 1326 12225
1097 1006 14530
1145 93 6765
21 1336 6018
143 318 9259
1373 680 11199
748 1281 14749
1359 1204 10773
1395 468 8308
1147 859 919
720 734 12368
1469 614 18275
1311 1438 14425
1488 1362 5009
870 1431 20248
947 1008 16008
1038 819 3309
525 1465 1182
864 739 12999
688 915 9296
300 691 3123
1475 722 4141
776 954 19636
402 701 19055
273 921 258
249 776 18478
902 1426 8054
1405 650 18871
174 471 10165
688 1493 15406
516 1449 14140
431 894 15645
518 766 18032
532 835 11035
410 260 7225
7 1429 18794
1069 1191 8507
257 669 19441
244 824 7437
373 1027 18923
1442 151 6446
42 1382 11891
1489 1001 13761
1497 1101 7985
1149 343 15807
809 261 7196
196 869 10973
1409 1245 9948
1061 39 3365
1101 51 13898
481 1247 19774
1402 1325 15136
1071 1480 13350
540 1579 11097
331 103 10137
672 427 17254
934 90 627
1202 775 13738
928 590 15880
77 1508 370
1353 1220 18550
1481 565 12928
317 446 1423
1589 1567 18084
184 1306 2890
919 1396 15216
623 492 16166
817 58 14640
1169 107 19602
1145 827 18263
776 132 17578
1123 763 13794
27 1584 209
1201 978 16971
823 1448 6959
1040 652 13227
1533 1484 20885
1586 761 9395
349 1157 5967
1024 1117 19562
1580 1250 5701
1266 1279 17361
366 751 20777
703 908 8114
152 1347 7420
136 1503 1253
434 450 10230
977 1280 12915
957 989 19062
155 1327 1449
453 866 20969
1154 1226 20922
1577 1441 14689
314 1503 17384
1154 1563 4256
1196 1131 16187
1286 1275 948
1320 488 14615
1126 1256 10314
527 1589 3964
1096 296 2104
1504 799 14841
810 936 6978
10 1287 978
910 1394 6691
1182 1179 17485
431 193 15453
1374 1235 8841
49 1376 6982
167 908 14744
1276 1055 4024
559 306 20691
8 1032 17186
293 1545 8364
1440 1485 2025
1456 169 11701
1149 510 11104
588 281 7140
394 773 14150
395 672 17172
372 844 8502
762 1218 5495
1431 1497 4282
1022 277 17243
1036 687 11622
1212 510 604
1513 634 105
599 479 11525
282 603 2577
289 979 18478
1180 324 7139
15 1192 10515
776 1364 9165
1473 226 12539
1191 303 6135
254 121 17925
559 637 18019
175 1166 6995
976 81 8566
784 481 20699
1129 1234 9057
1378 507 15044
727 1065 1116
1060 254 19950
334 1328 8943
1486 579 17900
649 831 19270
1372 1143 11732
947 736 16727
866 843 4565
1477 858 13671
795 1154 13053
1149 128 3982
668 1111 2374
542 801 13362
178 1271 8200
37 463 4133
939 1467 16835
418 447 12447
1189 1172 11654
1006 1169 4226
1078 821 10442
656 1370 4384
890 1366 4417
489 1575 7924
1543 1482 17147
1115 1311 13007
280 774 17518
772 1396 17675
413 1048 20046
268 662 4127
667 979 2604
37 253 157
1237 1398 19242
138 901 17637
190 874 4529
1189 44 11204
310 1074 15310
780 1046 5211
1467 1513 13807
1419 1546 9765
1086 524 4062
155 838 18820
873 609 12450
550 1036 20452
1383 1178 17293
992 1526 15286
828 473 20330
1161 1264 16593
1561 567 2593
79 692 8377
353 961 6701
1387 175 9210
1410 973 16495
124 600 20100
1400 1387 14339
1513 804 16583
1216 870 2827
1594 1490 9471
1470 199 2026
351 1168 7764
491 641 20913
224 1457 18602
412 197 2580
1056 791 19359
53 1532 1873
618 20 1539
585 520 16747
366 1140 17445
1423 334 4916
434 696 6959
289 212 3958
829 252 11408
1076 1058 4282
1147 1428 4505
236 749 6704
1099 197 4355
148 1475 3733
1564 1164 16576
1137 1083 13155
1419 427 5888
777 1413 12441
158 818 1253
561 689 16045
129 671 17327
1200 957 5044
425 727 12883
297 1314 8152
822 1302 7351
488 1548 15192
154 900 19414
1167 334 8038
1135 1034 2995
832 1062 10904
1076 344 4811
370 703 5679
267 198 349
1385 742 18332
1091 89 2464
1377 770 2798
1243 942 5111
336 349 5975
66 1276 5969
416 408 4515
727 1310 12132
521 789 19160
895 38 377
300 447 20072
31 521 1553
291 412 907
1335 189 3082
63 325 18718
1015 1041 12273
1527 624 11205
109 947 12162
550 1358 616
158 596 16231
638 1115 10245
235 543 16971
768 537 19307
1230 325 746
693 869 15300
1249 240 7916
883 1185 13852
1343 220 11628
239 27 12795
828 965 5936
312 805 18667
44 1124 19490
1374 1251 4392
804 1183 8648
1062 298 3401
1426 9 17504
467 960 20755
450 802 16146
1314 915 14862
626 910 5647
333 109 9433
495 562 12583
170 315 8851
1385 759 839
452 980 17335
1278 1040 3303
616 502 1777
258 1337 18463
1079 21 7207
1514 334 9367
1278 1477 2972
1307 1087 4810
816 66 16283
1524 924 9623
1516 1409 6431
1284 412 5134
1018 596 20974
523 428 4663
873 90 16511
1226 805 11889
337 804 19817
798 577 10060
883 1557 14633
1223 8 14247
1503 1282 11627
316 851 14413
1350 539 6022
12 1451 3156
1541 513 9226
574 132 410
1037 216 18106
172 261 817
1106 1232 13362
1007 1336 16247
1168 427 6235
365 1371 607
367 851 4835
1523 1047 682
349 542 10793
188 1543 9615
373 1212 17875
411 30 15953
1515 692 5484
361 1050 17087
1363 326 5706
950 578 20751
627 153 19806
986 532 14687
587 1281 17169
570 124 20081
278 988 20550
1126 689 8716
305 1499 19945
1291 1194 6196
3 1290 8652
737 1463 6459
436 1589 8692
1414 716 13523
1126 1412 4722
140 705 2858
464 1092 11639
841 330 10690
1507 1441 3429
1 187 9182
1003 189 6763
1383 1560 3893
226 725 13764
890 1118 579
1415 489 7124
705 923 17620
728 1263 16957
1549 1096 18118
402 405 10115
1372 1555 17891
638 396 10281
808 189 3050
534 986 1577
1355 285 18969
1247 651 5361
215 298 2324
225 148 293
110 1179 8962
1007 1000 12249
784 270 19488
938 462 12616
615 1491 5392
1284 908 19290
348 538 15003
344 994 20275
736 1550 12610
300 789 15218
351 378 17526
705 1052 5510
179 774 8783
972 135 10778
785 246 10098
1302 723 16488
1233 1274 11243
11 1038 6775
1013 1324 20511
191 346 17895
1476 105 2493
340 965 15459
1500 461 6746
354 1027 1359
1427 1523 10807
736 694 17359
605 532 11024
264 823 20057
1556 376 9082
457 1198 8656
163 14 20088
559 1078 19519
202 659 8080
450 152 11214
742 465 4528
258 138 6784
476 498 13863
843 660 2503
1491 1540 11386
114 174 13827
29 587 6961
1238 259 3733
1554 901 17575
744 160 14440
691 800 18427
362 101 16353
1011 169 13786
1030 1446 9510
1277 204 1575
416 571 19102
573 479 12604
523 796 15280
1275 814 2422
813 707 4447
1438 1463 9134
147 101 13425
58 441 10339
860 1478 13294
799 405 16120
15 1457 20895
1407 1497 1991
481 513 5562
159 58 12930
989 1284 16698
472 1210 5295
151 165 15480
925 529 5801
675 236 4832
54 359 7046
211 214 11289
509 59 14205
214 392 14180
863 1252 6158
847 720 1220
1219 1575 6009
727 1157 4231
475 742 16199
205 46 194
1331 1065 13607
779 577 13107
834 987 16310
527 1593 12155
525 1528 14879
1413 1105 18777
1201 1254 16148
724 1148 1192
405 1043 6199
447 17 8853
327 1460 7480
697 1352 16050
1212 522 8037
568 28 1772
409 957 18785
838 144 192
716 316 7052
438 1302 8949
1189 895 13633
1588 716 9944
1227 452 6500
728 1419 988
1285 1381 19281
33 140 18693
751 1385 1820
654 12 9192
109 547 8489
1389 430 8733
223 936 2707
100 1289 15329
1566 1552 7619
776 532 1977
520 1269 13759
1591 569 3772
563 879 16168
1191 1096 7120
590 782 17942
326 382 7700
1473 499 17524
728 818 18335
902 1097 4956
633 255 2353
1226 255 8792
353 1563 17994
117 1557 18905
1295 1521 10770
1473 107 14655
966 1529 16903
291 693 3678
1493 282 6116
367 1283 18230
811 1468 3215
1096 608 4718
1511 904 17219
27 572 20321
966 1547 10910
1260 1454 14318
787 519 10287
560 1273 3926
882 1200 18593
127 1053 3790
466 1501 19119
277 1279 6258
1345 560 7848
66 1456 16187
885 354 3662
206 500 19349
1195 1034 4726
616 35 11099
1495 27 14487
981 603 4007
86 675 2652
1463 1296 4597
485 198 14215
273 1535 3617
1135 656 15075
1448 566 17740
454 1542 12348
161 688 4039
265 1412 20046
565 34 19649
879 1390 17893
138 520 3880
638 1016 10749
918 1461 818
496 337 17562
1231 182 1979
1406 68 19950
84 213 7886
1592 1293 4855
77 1117 4251
1550 659 14185
1462 1424 10266
699 971 10334
300 1085 8118
248 1200 7588
1436 1073 20533
832 365 11267
1111 1143 19641
1432 389 5250
1132 15 18102
446 1100 12832
930 462 11446
719 245 9013
433 1584 19540
776 902 17565
714 581 8357
277 1433 13
1526 336 1192
610 1188 15442
660 109 1971
993 512 3996
7 16 20772
416 252 9955
218 1377 5619
354 836 7966
1493 738 12936
676 1373 709
1033 1031 5417
1598 973 17098
1336 344 18241
1087 1535 19112
1059 540 465
704 1319 2823
1522 694 14414
1154 970 12105
1374 1538 11243
553 648 9577
749 1155 7860
1 593 18567
1095 1449 560
1257 853 17282
11 800 13780
217 6 6844
449 842 1670
1282 820 19587
1140 1376 5561
1510 877 3949
813 1091 17817
953 262 1789
1291 660 13448
876 156 3495
529 859 1743
1217 1545 12514
121 1419 8164
1034 1579 2198
1223 225 11622
712 831 17849
1513 1464 25
265 880 12644
457 927 13194
846 1122 4524
874 1057 5744
1318 18 19891
706 953 16599
1211 533 5069
1516 591 3865
455 1232 20066
156 994 9676
526 1545 2681
1239 851 17806
199 432 6455
1195 1030 20676
11 322 1097
1421 1468 11347
1304 976 14071
1367 297 12605
649 769 14976
322 371 18103
493 104 7013
819 594 705
1414 1403 12114
1506 23 15682
278 1322 6571
1591 588 3842
504 886 3010
592 1462 16292
1599 16 7784
706 803 1006
1216 1017 15261
851 614 19927
389 755 20046
1292 1132 7706
797 776 9136
1071 1237 20335
999 783 4419
1014 394 3476
459 1027 15290
828 1503 7988
230 379 20003
591 505 16147
222 5 10167
187 1116 13500
25 930 20726
1547 1433 10200
1096 102 1836
408 1219 455
1308 492 330
749 782 5697
736 1493 12097
979 1339 16766
396 1335 1782
51 781 19635
1426 839 4368
1558 549 17530
23 102 15701
918 1400 12322
1515 1510 20011
1244 540 8375
1505 447 6169
291 76 1457
1357 346 7139
939 48 11651
72 600 9175
1168 1252 2051
569 586 6456
322 1594 16120
1328 1424 1528
971 339 4343
656 1502 11592
449 1312 2681
404 1599 2874
316 1549 8593
371 799 10322
1080 1154 9426
463 1416 1631
26 1164 11733
939 1177 8091
348 1133 4006
818 685 545
453 567 8232
241 333 6059
859 351 19956
2 1008 10862
981 1426 2421
649 971 8070
720 1245 805
492 603 10939
43 1167 3296
30 1312 9830
1075 489 15102
1089 445 2825
483 1174 13569
376 693 14720
1013 972 6694
1375 1153 12649
482 530 1816
921 1104 9750
492 1547 10498
1226 1270 9155
1079 310 5751
1496 947 1604
172 98 17058
43 1405 10605
965 1275 4154
1250 1535 9289
1023 974 20799
1433 830 4421
470 427 6633
1422 622 11204
452 1485 14782
388 401 15442
557 1196 13488
389 266 5096
755 142 10403
1116 689 10095
715 180 13713
1188 45 5494
293 844 14667
500 62 11523
876 1413 9430
711 254 8625
313 1430 12410
783 760 19635
1557 253 18083
1011 494 7571
320 568 12037
28 792 6130
738 822 1186
551 239 7080
917 1591 17665
1243 482 20413
384 1133 10540
1398 73 1682
156 798 1964
1577 663 3323
984 1222 6349
975 315 9786
327 94 20680
425 950 20713
483 977 12613
1040 1169 1482
902 1384 5024
710 1368 7589
1037 752 17748
253 193 11641
1022 1180 13552
802 1084 15406
184 1573 8476
953 509 19772
1151 1065 905
328 635 3890
1421 852 15587
646 107 4541
347 1327 1026
1245 401 5741
248 830 17256
361 350 15223
422 1423 1770
172 1544 16905
1547 556 20283
565 334 13847
500 1093 9867
1083 1292 15741
18 617 18690
1190 139 11538
745 978 7765
1332 1337 7647
1096 248 18445
1111 1250 20665
1405 469 19201
850 1582 10751
1067 1304 16231
102 792 16830
1421 1282 11800
1141 270 1663
123 636 912
916 1421 2343
22 1195 10971
177 827 15574
281 464 1485
72 484 13363
953 994 10360
93 946 16265
229 1203 12190
626 1152 739
589 203 17319
455 366 2084
1384 238 16676
212 59 2317
520 1414 757
1509 1290 7834
216 1145 16548
112 1192 8719
1177 118 15370
561 1328 13427
73 1345 8202
957 577 3399
1451 898 2210
670 1572 5521
145 853 14667
415 113 7101
1526 104 14193
1244 918 7335
54 406 15710
476 1304 16644
1532 1339 10344
435 857 7582
1398 729 1364
1439 881 9180
233 774 3338
1151 164 13370
399 1488 5252
275 253 7143
676 1414 3376
1410 282 16015
1318 255 17688
64 17 10441
1306 1242 15583
38 922 7608
350 980 1176
1210 1449 10028
599 193 9951
212 256 13274
249 1357 4845
306 833 12716
1388 992 12645
1525 284 14500
224 1002 9513
1074 1597 11400
928 530 3516
146 174 18534
97 783 7124
402 613 10562
391 1339 16029
254 1184 20697
766 2 2782
1372 1295 7055
42 1319 19290
653 357 831
459 1423 1478
771 958 3823
1036 1209 11315
879 1493 13741
1482 317 15438
1341 375 3408
1219 155 18273
126 1364 2210
113 655 990
1317 95 18251
542 915 6888
813 1277 8099
19 1348 2369
1072 568 5424
731 571 11117
1299 1138 16601
1297 1216 10790
8 1305 18105
1123 1248 11915
847 17 13496
1325 871 13018
1555 597 3495
1550 82 16008
317 1281 5203
2 537 13562
872 800 2026
1186 335 15624
107 194 12268
1505 563 10649
7 1155 6289
877 820 9505
1444 1229 6807
174 679 5010
153 648 10176
1153 546 6633
172 36 10348
888 325 17076
219 800 1627
1128 1470 14147
697 1215 5547
1250 652 1820
118 201 13347
254 48 7865
989 671 8247
191 734 5352
206 964 15124
1287 424 572
365 1019 10411
784 328 20476
1142 30 3679
1438 668 13947
1487 26 20369
57 854 2366
694 167 7300
1126 467 5957
1310 1519 12152
537 1297 332
827 1524 10739
926 411 14620
758 88 19433
1154 279 2808
1126 447 5358
249 807 13059
880 914 20111
1136 613 20696
841 184 16753
52 581 4476
240 739 7393
444 574 6498
690 1223 18048
360 928 8355
931 1506 12604
716 254 9714
849 291 16037
639 1154 2714
874 253 5267
952 1559 6827
70 70 8940
1295 197 20509
1222 572 994
447 433 423
1310 217 9668
1410 97 3959
505 1412 13677
701 369 4408
41 1253 1869
866 877 7737
420 1548 9429
1104 465 432
614 468 1990
1284 624 7294
70 286 15052
1061 1156 20824
1040 761 9444
1094 34 11497
1522 978 4770
1110 1223 9425
41 757 11340
1294 961 9690
1095 7 2793
1581 1006 14175
1067 60 16119
1044 39 6595
834 415 5507
36 606 6931
295 696 14466
248 1244 12114
396 743 9978
1222 1293 18823
241 734 1696
869 229 5848
485 752 12126
1378 376 16540
882 1166 6475
1256 210 17552
1568 982 14667
516 307 7861
1185 347 17390
820 984 15083
1550 920 13944
236 896 19870
616 341 4309
494 1145 11989
602 677 14306
503 1505 11238
693 553 5966
1091 991 8150
1485 669 14188
616 1362 12217
36 377 7674
1466 604 17112
755 1440 8943
1126 315 5274
757 14 11928
1333 22 9
795 41 10468
1020 498 4344
1281 1451 7188
336 1269 17411
1296 54 1026
521 1206 18656
82 1533 11147
1045 1390 5337
1179 1537 12778
860 314 9044
1595 640 12547
1041 1038 13312
1454 941 6469
993 197 3779
1433 999 11762
79 818 17642
218 372 9073
1049 1472 7993
291 1148 9038
1585 573 20258
577 925 1974
1194 89 884
1087 1100 13371
411 202 11644
611 1155 20172
55 1429 754
1594 600 8644
1465 330 12923
1230 983 170
262 747 16739
340 1146 19511
248 555 8859
1089 864 1738
1103 1431 10954
601 1102 2064
158 207 15363
370 1582 767
503 1096 2344
691 457 19546
872 408 15319
631 722 7232
1539 273 18995
895 336 19392
325 134 20585
290 1425 15529
1277 14 13118
1387 87 4848
386 1188 14726
125 835 20067
1123 149 9410
924 959 13512
1287 1324 13133
72 1355 8431
897 1035 6179
989 1523 4072
1252 1310 7287
1223 1486 1452
680 544 9904
1439 497 248
315 141 20307
144 146 6622
1577 649 12601
1453 359 15636
1016 1264 7657
464 826 8825
221 736 10090
901 1468 14974
90 467 18713
1490 1380 18451
367 207 1252
33 594 7542
680 1197 11523
845 571 9617
99 837 16520
828 32 2735
964 142 19869
1352 752 6073
655 637 14214
346 627 18797
404 93 9664
467 455 11548
740 771 5696
1187 502 11910
1129 367 7909
1381 696 1546
1356 749 5492
1240 1480 12787
326 1572 15256
299 1284 17849
196 861 20368
911 382 15816
704 205 2558
34 143 3126
919 1581 10436
430 567 18423
1311 620 17531
848 129 16332
1086 423 3971
185 1 905
746 708 1321
458 1164 17331
192 833 19277
401 733 5855
467 33 11643
1422 129 18852
1074 1007 5185
142 1424 9336
1391 727 4490
1554 192 13506
912 766 6819
339 1059 2221
299 757 5954
1568 1570 16349
1383 1065 18999
725 1461 6079
570 632 20342
494 523 82
337 1553 3505
326 400 8107
935 1565 10531
934 604 10523
489 326 14808
781 1463 11182
511 1092 881
1066 9 1457
83 36 18837
433 784 15254
110 417 12217
1484 870 3345
402 501 6698
28 515 1329
165 1000 18652
867 981 11367
992 626 6569
1303 348 5040
924 290 12651
784 435 5826
995 790 17767
1502 884 12973
949 1286 20736
941 759 3245
530 892 2946
948 1497 20431
818 364 17778
286 1055 18220
66 475 10872
1537 839 9018
1592 1538 9035
1527 945 16914
1148 1328 19609
1181 1050 10256
708 416 16699
843 1410 4428
262 1459 866
1599 1455 10043
897 882 8171
108 111 8662
1293 1493 7875
133 157 17336
1462 1167 3592
117 1037 6150
379 942 15167
1400 510 17867
1158 948 4749
503 387 1171
816 954 17944
281 928 8137
655 213 2691
753 873 14800
1139 1090 13248
1188 962 17974
1102 747 944
1206 787 6506
939 336 7505
215 503 3622
577 614 18068
231 696 14423
1541 476 17222
1321 424 14044
644 562 19997
881 1260 6252
1395 1476 11833
1599 1258 17862
1595 112 16292
84 1123 16632
121 118 19469
880 1058 7388
1463 68 2984
689 557 13896
19 804 5803
85 331 19619
248 136 3944
605 1274 1153
1115 855 4884
1449 9 5819
355 781 4072
35 1316 19362
1420 1238 15115
885 667 11574
390 1367 19884
657 109 11991
69 1008 893
1061 887 16019
840 1055 18612
87 603 18394
840 1470 18858
370 277 15584
1525 1091 18294
682 287 3071
421 607 16086
1254 323 2766
1260 928 10289
1190 879 7260
1575 1220 12946
1078 839 19702
1431 546 1349
922 1168 8919
1349 1118 16004
608 1135 7577
472 814 6046
1244 513 9015
1294 287 14348
382 1163 15195
1475 427 20611
1403 1356 14591
548 1119 12214
1562 505 10289
44 1232 13062
269 1595 3156
118 404 18658
561 347 1956
196 246 1231
566 1512 19429
153 864 17978
600 187 12060
581 998 10318
719 1497 12993
1128 216 1583
189 462 19941
399 613 10815
1386 571 9431
1263 1260 20773
982 600 5715
470 119 9789
204 456 4099
1035 624 6156
1102 730 10888
645 1111 13472
71 156 2328
399 1050 14453
780 1234 1248
755 925 15592
718 1060 5422
1045 1569 3176
1199 238 4709
660 1055 15043
882 1161 10623
1143 1019 1677
818 557 19020
1440 1246 3488
727 47 17971
1357 460 14300
1567 733 14967
997 921 9188
1289 92 1371
410 353 11990
1053 19 10394
67 253 15987
1135 1398 8159
14 730 5718
395 253 6203
596 1246 580
1380 298 6701
1119 1213 2627
1391 985 409
1406 1559 2740
527 1191 17085
264 1591 6525
913 235 2470
471 26 2869
1517 1414 2135
1378 1592 5126
1138 1231 16513
1025 84 17860
991 478 11772
317 1232 2952
1539 482 6612
1249 613 1976
