801
1601
0 1 315
1 2 273
2 3 137
3 4 282
4 5 1353
5 6 920
6 7 1283
7 8 1324
8 9 1791
9 10 1684
10 11 1124
11 12 159
12 13 1146
13 14 400
14 15 1840
15 16 592
16 17 1828
17 18 287
18 19 1489
19 20 1066
20 21 943
21 22 137
22 23 528
23 24 503
24 25 1362
25 26 381
26 27 1626
27 28 776
28 29 1739
29 30 406
30 31 808
31 32 181
32 33 1448
33 34 952
34 35 555
35 36 1780
36 37 499
37 38 1407
38 39 1341
39 40 1858
40 41 57
41 42 588
42 43 465
43 44 338
44 45 1324
45 46 1195
46 47 26
47 48 185
48 49 1353
49 50 66
50 51 535
51 52 1944
52 53 442
53 54 1366
54 55 164
55 56 1207
56 57 884
57 58 884
58 59 758
59 60 1665
60 61 576
61 62 1230
62 63 1284
63 64 1476
64 65 896
65 66 482
66 67 579
67 68 312
68 69 1647
69 70 343
70 71 1068
71 72 777
72 73 948
73 74 694
74 75 1311
75 76 31
76 77 128
77 78 704
78 79 1507
79 80 42
80 81 191
81 82 1299
82 83 1663
83 84 416
84 85 1020
85 86 622
86 87 1391
87 88 892
88 89 753
89 90 1196
90 91 1642
91 92 1586
92 93 1382
93 94 1319
94 95 369
95 96 1652
96 97 581
97 98 522
98 99 1901
99 100 386
100 101 711
101 102 141
102 103 511
103 104 980
104 105 1213
105 106 1829
106 107 1541
107 108 1542
108 109 1504
109 110 1312
110 111 365
111 112 660
112 113 1478
113 114 138
114 115 1280
115 116 397
116 117 1453
117 118 1123
118 119 835
119 120 1905
120 121 1330
121 122 1992
122 123 482
123 124 401
124 125 1510
125 126 1922
126 127 903
127 128 1602
128 129 184
129 130 1956
130 131 1271
131 132 345
132 133 1779
133 134 990
134 135 1106
135 136 1136
136 137 287
137 138 857
138 139 1848
139 140 152
140 141 1231
141 142 1426
142 143 1755
143 144 701
144 145 1372
145 146 1364
146 147 1474
147 148 11
148 149 1684
149 150 1970
150 151 2
151 152 1254
152 153 1500
153 154 743
154 155 1877
155 156 935
156 157 85
157 158 1220
158 159 1583
159 160 588
160 161 668
161 162 1812
162 163 1899
163 164 840
164 165 1633
165 166 1864
166 167 995
167 168 1591
168 169 263
169 170 1381
170 171 1497
171 172 1096
172 173 962
173 174 1344
174 175 299
175 176 1254
176 177 1556
177 178 1070
178 179 207
179 180 619
180 181 1881
181 182 86
182 183 1427
183 184 1419
184 185 1243
185 186 1416
186 187 879
187 188 268
188 189 1586
189 190 381
190 191 1277
191 192 503
192 193 1743
193 194 910
194 195 865
195 196 1297
196 197 1475
197 198 1366
198 199 349
199 200 1488
200 201 49
201 202 1879
202 203 137
203 204 456
204 205 1404
205 206 1836
206 207 27
207 208 20
208 209 598
209 210 1166
210 211 1588
211 212 242
212 213 414
213 214 70
214 215 1059
215 216 1886
216 217 1132
217 218 288
218 219 1235
219 220 669
220 221 1922
221 222 1261
222 223 1010
223 224 1370
224 225 1254
225 226 192
226 227 794
227 228 1828
228 229 885
229 230 1204
230 231 2
231 232 582
232 233 904
233 234 219
234 235 1332
235 236 1392
236 237 808
237 238 1916
238 239 540
239 240 1231
240 241 1472
241 242 321
242 243 353
243 244 207
244 245 521
245 246 1809
246 247 6
247 248 36
248 249 693
249 250 131
250 251 911
251 252 344
252 253 347
253 254 212
254 255 1346
255 256 1496
256 257 1821
257 258 905
258 259 189
259 260 58
260 261 496
261 262 1791
262 263 1076
263 264 1073
264 265 822
265 266 1624
266 267 1144
267 268 1430
268 269 1353
269 270 676
270 271 835
271 272 1329
272 273 1433
273 274 835
274 275 1374
275 276 392
276 277 1723
277 278 156
278 279 803
279 280 237
280 281 1329
281 282 1831
282 283 1183
283 284 1449
284 285 1677
285 286 464
286 287 1187
287 288 208
288 289 1165
289 290 1584
290 291 1103
291 292 528
292 293 1537
293 294 523
294 295 773
295 296 1300
296 297 849
297 298 1525
298 299 1126
299 300 877
300 301 1361
301 302 1930
302 303 1739
303 304 1077
304 305 635
305 306 1655
306 307 1192
307 308 1362
308 309 920
309 310 537
310 311 424
311 312 205
312 313 607
313 314 1662
314 315 1635
315 316 896
316 317 630
317 318 1947
318 319 1843
319 320 250
320 321 1231
321 322 1278
322 323 1392
323 324 1684
324 325 1586
325 326 555
326 327 1437
327 328 533
328 329 61
329 330 1691
330 331 667
331 332 1167
332 333 1665
333 334 243
334 335 510
335 336 222
336 337 15
337 338 1061
338 339 1852
339 340 207
340 341 1977
341 342 694
342 343 418
343 344 880
344 345 1290
345 346 1166
346 347 296
347 348 1177
348 349 1651
349 350 706
350 351 1273
351 352 1358
352 353 1325
353 354 1026
354 355 241
355 356 995
356 357 874
357 358 1283
358 359 999
359 360 1671
360 361 619
361 362 1624
362 363 1787
363 364 1454
364 365 501
365 366 530
366 367 100
367 368 1994
368 369 737
369 370 105
370 371 1131
371 372 716
372 373 784
373 374 1552
374 375 87
375 376 1514
376 377 592
377 378 370
378 379 1186
379 380 1921
380 381 1846
381 382 1205
382 383 22
383 384 1441
384 385 506
385 386 1346
386 387 600
387 388 794
388 389 1943
389 390 494
390 391 1857
391 392 211
392 393 1817
393 394 1438
394 395 727
395 396 674
396 397 153
397 398 1214
398 399 1516
399 400 1490
400 401 130
401 402 122
402 403 342
403 404 1928
404 405 988
405 406 1839
406 407 1797
407 408 846
408 409 1185
409 410 796
410 411 1573
411 412 845
412 413 741
413 414 436
414 415 1238
415 416 141
416 417 795
417 418 269
418 419 349
419 420 1479
420 421 1294
421 422 1298
422 423 1144
423 424 1994
424 425 1057
425 426 927
426 427 1420
427 428 278
428 429 212
429 430 200
430 431 1882
431 432 476
432 433 262
433 434 428
434 435 661
435 436 1835
436 437 1603
437 438 458
438 439 1722
439 440 1239
440 441 1356
441 442 455
442 443 1197
443 444 1331
444 445 230
445 446 1457
446 447 912
447 448 634
448 449 585
449 450 901
450 451 1923
451 452 1964
452 453 1435
453 454 47
454 455 150
455 456 613
456 457 1946
457 458 316
458 459 1541
459 460 219
460 461 1259
461 462 1235
462 463 1562
463 464 822
464 465 550
465 466 1850
466 467 181
467 468 112
468 469 1328
469 470 1984
470 471 196
471 472 1971
472 473 27
473 474 1953
474 475 1208
475 476 322
476 477 43
477 478 110
478 479 1404
479 480 81
480 481 1250
481 482 294
482 483 1564
483 484 1704
484 485 1634
485 486 270
486 487 131
487 488 819
488 489 1676
489 490 109
490 491 1342
491 492 289
492 493 742
493 494 178
494 495 1726
495 496 1588
496 497 781
497 498 1615
498 499 472
499 500 1669
500 501 1809
501 502 555
502 503 469
503 504 587
504 505 1118
505 506 565
506 507 1497
507 508 1956
508 509 1263
509 510 1891
510 511 993
511 512 851
512 513 727
513 514 179
514 515 376
515 516 1602
516 517 157
517 518 1831
518 519 899
519 520 513
520 521 1502
521 522 418
522 523 1958
523 524 423
524 525 1007
525 526 10
526 527 539
527 528 1286
528 529 136
529 530 960
530 531 1368
531 532 1387
532 533 1047
533 534 256
534 535 1036
535 536 1732
536 537 1724
537 538 1692
538 539 851
539 540 1339
540 541 1867
541 542 269
542 543 1549
543 544 1694
544 545 1601
545 546 76
546 547 1478
547 548 32
548 549 1829
549 550 783
550 551 1458
551 552 1042
552 553 32
553 554 921
554 555 1883
555 556 584
556 557 233
557 558 689
558 559 429
559 560 1788
560 561 342
561 562 498
562 563 1419
563 564 1225
564 565 1017
565 566 1190
566 567 243
567 568 1451
568 569 24
569 570 1649
570 571 1136
571 572 777
572 573 1151
573 574 947
574 575 1114
575 576 1016
576 577 1028
577 578 1716
578 579 1467
579 580 1219
580 581 782
581 582 1905
582 583 309
583 584 1796
584 585 1344
585 586 1822
586 587 858
587 588 489
588 589 1903
589 590 1359
590 591 64
591 592 80
592 593 1896
593 594 636
594 595 609
595 596 1709
596 597 698
597 598 1762
598 599 11
599 600 1628
600 601 1179
601 602 1158
602 603 1992
603 604 508
604 605 709
605 606 1211
606 607 1153
607 608 48
608 609 550
609 610 1603
610 611 827
611 612 923
612 613 1167
613 614 940
614 615 1173
615 616 1033
616 617 991
617 618 1613
618 619 1994
619 620 930
620 621 78
621 622 1819
622 623 478
623 624 1609
624 625 1869
625 626 1042
626 627 1595
627 628 352
628 629 122
629 630 268
630 631 383
631 632 1945
632 633 1589
633 634 1184
634 635 1451
635 636 709
636 637 1166
637 638 754
638 639 1796
639 640 1773
640 641 435
641 642 1209
642 643 1978
643 644 406
644 645 1704
645 646 1668
646 647 1762
647 648 1226
648 649 1332
649 650 671
650 651 1293
651 652 1243
652 653 833
653 654 69
654 655 37
655 656 624
656 657 1044
657 658 1805
658 659 1370
659 660 1889
660 661 1716
661 662 1931
662 663 1075
663 664 1359
664 665 608
665 666 1291
666 667 664
667 668 1219
668 669 1850
669 670 1040
670 671 286
671 672 1933
672 673 380
673 674 1737
674 675 1051
675 676 705
676 677 1005
677 678 1652
678 679 932
679 680 372
680 681 1010
681 682 1164
682 683 229
683 684 1243
684 685 678
685 686 23
686 687 1312
687 688 372
688 689 1886
689 690 1694
690 691 1472
691 692 372
692 693 1142
693 694 727
694 695 675
695 696 1305
696 697 1894
697 698 605
698 699 179
699 700 1690
700 701 1902
701 702 74
702 703 1830
703 704 736
704 705 1775
705 706 959
706 707 257
707 708 81
708 709 196
709 710 462
710 711 28
711 712 1548
712 713 1654
713 714 1824
714 715 1323
715 716 1886
716 717 1320
717 718 579
718 719 1159
719 720 443
720 721 924
721 722 1661
722 723 1196
723 724 1321
724 725 524
725 726 350
726 727 1299
727 728 991
728 729 1583
729 730 1554
730 731 1007
731 732 727
732 733 1868
733 734 1475
734 735 1853
735 736 993
736 737 814
737 738 431
738 739 1736
739 740 1290
740 741 1964
741 742 1702
742 743 24
743 744 261
744 745 1013
745 746 1131
746 747 1070
747 748 313
748 749 910
749 750 78
750 751 260
751 752 1088
752 753 1442
753 754 763
754 755 1894
755 756 952
756 757 1202
757 758 1652
758 759 1404
759 760 1364
760 761 1520
761 762 412
762 763 878
763 764 1330
764 765 1090
765 766 1654
766 767 365
767 768 1592
768 769 1699
769 770 1367
770 771 250
771 772 1922
772 773 156
773 774 1793
774 775 1910
775 776 970
776 777 770
777 778 1319
778 779 537
779 780 784
780 781 62
781 782 675
782 783 542
783 784 1864
784 785 1229
785 786 989
786 787 199
787 788 1688
788 789 1121
789 790 402
790 791 920
791 792 209
792 793 133
793 794 979
794 795 1019
795 796 791
796 797 540
797 798 1937
798 799 285
799 800 963
800 0 1266
593 773 5456
493 494 4749
75 785 18423
23 780 17050
536 549 7800
476 157 7276
72 527 1358
788 512 14120
157 140 18910
94 95 1360
535 418 12578
743 149 18197
424 381 4964
400 547 15286
198 769 7907
748 563 14792
330 675 13042
684 160 12783
642 48 5791
340 10 4263
78 516 19266
137 188 14985
214 315 113
778 738 3268
360 777 3866
383 250 4649
612 424 9679
410 160 13134
464 13 19220
636 482 17472
649 475 17439
411 72 10869
287 325 13141
235 761 13955
301 780 5118
40 505 5488
383 77 16908
97 358 13759
617 681 4821
695 9 16374
577 29 17959
591 256 16825
573 84 19821
580 724 19020
575 195 17978
725 544 2711
150 91 6223
795 138 3418
82 130 9939
731 731 4717
614 312 12733
638 684 6796
439 242 8573
769 228 11264
451 621 7970
316 146 1903
77 380 18916
252 145 622
30 771 14122
359 372 16050
421 580 3889
542 233 484
262 69 20843
730 592 15992
799 510 12376
198 504 15105
426 791 14393
695 232 13228
620 631 9284
313 769 5568
107 581 2271
564 653 1900
17 692 19794
145 674 8255
149 232 19960
684 519 10583
128 330 9888
186 568 13367
324 488 1069
279 114 11600
341 620 11748
428 366 18947
174 455 20894
671 207 16857
763 146 12531
752 142 13456
208 522 3734
260 208 9047
685 613 13295
646 323 3543
619 452 12187
462 209 11387
465 254 11554
700 683 9075
444 181 5937
480 648 8259
628 66 5682
397 645 15903
184 787 13324
797 331 5213
72 264 15117
100 502 8686
386 44 12205
62 474 7773
532 210 17413
164 650 16342
505 175 3044
165 265 15921
387 662 2210
302 321 6570
697 680 764
518 780 5455
580 617 17948
167 331 7266
262 280 13177
123 618 8854
296 766 14854
615 193 14834
315 662 10383
398 328 18757
364 86 13501
555 453 19105
317 324 18274
306 749 15504
720 355 6239
626 787 5061
392 523 4758
354 286 8516
49 398 5144
574 671 8235
345 391 10809
653 222 18410
288 679 5643
427 586 15464
8 575 16732
365 558 10063
491 572 13660
258 726 19242
498 557 15204
410 195 9502
241 766 19960
509 354 19316
108 638 2624
605 262 7300
141 185 16508
525 513 20958
121 387 19171
534 414 2321
353 455 8008
739 167 2872
140 534 5555
604 284 14585
783 102 5229
781 776 3523
98 183 4254
665 423 18280
337 30 6787
261 91 15097
549 771 19547
314 395 6140
53 153 6362
751 577 1153
154 515 16089
18 161 13461
15 115 9277
611 700 19523
23 649 19860
693 757 10537
322 634 3251
424 37 19595
703 258 1223
424 309 455
741 338 8286
126 299 17868
448 223 18204
722 607 14814
241 151 17317
9 418 15197
104 678 8844
589 155 1013
120 473 5935
500 528 9183
601 149 20810
505 19 5351
576 149 16779
104 65 11691
438 66 3551
499 264 18054
744 1 7371
590 539 5915
604 121 11479
413 208 13832
389 677 16664
425 15 12056
389 184 18920
187 331 13267
323 308 10485
41 499 2138
731 252 11834
316 655 7041
62 399 2013
666 214 12766
499 356 8636
122 58 9112
57 309 4700
149 233 8351
413 208 7639
117 361 3023
655 132 15830
85 200 2871
54 263 15683
508 143 10877
179 255 9920
551 221 18841
336 539 17218
486 45 12687
756 77 11097
92 725 575
40 2 2443
85 251 11983
621 625 18433
82 798 6781
402 281 20704
159 101 2277
241 227 18122
8 556 13808
541 597 12106
448 764 20154
601 586 20480
528 209 8786
441 413 9068
775 160 391
789 346 20147
328 734 13105
392 658 5830
418 27 20624
503 440 16625
256 503 13130
37 695 11926
531 1 869
69 795 15884
489 284 18284
394 297 2936
323 529 4267
140 451 5580
477 656 19674
147 429 4931
483 298 20285
227 199 9908
770 320 18047
226 329 20113
240 333 9458
444 712 8271
615 577 1621
724 32 18052
742 407 3566
106 190 18386
145 74 14450
232 194 16814
342 503 3958
141 737 18733
26 464 20636
455 457 9104
328 80 406
620 28 10231
757 386 7961
478 222 10283
519 758 3131
179 459 15055
348 308 1604
324 240 11743
367 244 18648
764 625 14907
512 124 10289
182 572 10607
1 45 2797
17 109 7380
539 167 5957
53 166 6879
705 58 4812
60 163 162
139 254 8709
733 241 20807
52 632 7015
299 751 5517
576 662 20841
281 354 5383
259 443 10164
397 642 9929
64 33 18565
376 296 11475
350 72 4978
290 454 4439
651 258 12295
25 151 18196
433 356 10054
443 558 18828
537 579 1933
59 128 1209
61 108 19769
780 707 1324
460 146 2107
337 743 5650
698 40 1201
638 439 5954
305 570 18737
758 703 17102
476 482 5305
330 572 14286
377 120 1863
208 736 4375
218 537 15280
83 1 1686
565 456 10815
789 564 8886
230 575 11535
292 494 1277
373 716 19753
3 708 14920
641 290 18867
745 512 9258
466 712 6861
501 682 4156
725 261 17716
74 112 6532
663 485 10130
696 209 10386
762 351 12053
309 697 14270
665 735 16401
217 54 6929
168 65 10346
215 160 6507
519 668 2346
716 507 17907
602 785 1741
629 609 18085
238 798 4178
153 569 20636
173 514 4229
61 205 2743
773 65 15705
123 317 5566
449 356 9567
597 70 6308
738 291 4781
372 421 14681
356 401 7300
601 777 13927
472 376 2057
410 406 16275
469 248 7585
345 281 20974
535 738 17658
321 1 10735
292 58 2070
726 481 2644
239 645 2856
615 122 8064
143 306 4861
399 85 14940
436 267 5348
635 129 14409
154 391 18360
557 187 7901
635 232 16442
459 60 7933
646 444 16308
84 524 4874
733 590 7205
613 491 13967
47 281 2820
53 138 4999
739 482 18533
723 311 1598
418 454 11780
208 3 14655
717 203 19764
191 142 8589
407 108 1312
424 602 6450
217 565 2365
259 151 2483
246 413 19741
652 384 20953
668 271 12217
414 568 12999
505 514 7450
384 419 15418
420 170 9393
536 647 18744
614 238 877
350 411 19911
304 722 8830
729 68 2640
28 270 13505
356 515 3733
172 747 3166
560 477 8322
742 546 17133
90 642 12187
108 426 925
720 504 16156
731 552 2090
785 93 14408
584 70 14864
458 184 20335
291 656 3919
731 428 13324
369 47 10085
633 403 11652
742 603 7789
126 302 20611
426 377 6292
373 577 11010
431 477 11
526 274 13693
292 731 6588
515 552 17501
192 464 5207
748 7 946
54 33 15584
342 346 12603
569 304 1349
417 661 19938
209 130 10702
436 482 12087
733 757 11952
722 464 6179
799 434 18397
34 738 11566
627 681 16914
484 75 14264
557 606 6470
204 315 3690
720 449 6007
112 777 18298
299 504 19318
121 483 3730
181 596 13533
788 373 17550
460 28 8002
13 450 7906
2 475 4623
304 234 3109
751 528 18312
418 660 7081
730 472 464
47 408 18361
220 735 10486
304 479 4350
234 377 8635
73 61 17185
549 722 19241
309 381 5595
582 97 9660
127 530 17537
20 704 616
55 490 20807
4 186 10996
653 270 16425
456 248 1297
711 779 2000
55 146 18008
717 120 2235
340 230 7214
312 607 16949
357 604 5287
212 123 608
26 14 1641
453 699 11718
687 245 18715
27 19 20528
779 664 3352
413 532 5651
770 348 14553
352 785 15148
609 783 15633
308 507 20614
426 579 2390
54 114 8338
62 234 11945
66 384 4219
144 626 2653
341 541 12712
451 527 17038
752 715 4157
246 572 10878
214 296 1514
513 311 18971
413 640 1501
528 146 2458
641 465 7972
441 603 6833
764 474 847
109 255 241
749 776 4518
741 241 6313
697 567 4138
411 574 5195
452 657 17566
761 792 14120
610 310 7362
499 422 4945
494 754 14064
610 505 7062
171 624 6585
142 22 8732
323 697 7686
7 628 10925
431 512 9749
381 106 9082
4 331 5899
568 407 19327
535 357 13578
281 777 12193
473 726 4659
616 570 14439
662 188 3248
269 737 18106
770 102 4149
545 47 11315
720 324 18278
755 183 3338
2 721 3925
290 667 9246
468 631 8746
203 450 14886
189 127 5570
184 90 14395
204 498 12711
221 614 6016
332 509 7662
68 639 8868
460 321 5905
388 365 5658
379 654 3522
709 199 17365
13 222 6413
730 769 15353
684 772 7524
592 782 4413
354 197 19813
520 523 4760
355 126 19752
47 173 3427
372 230 13808
146 763 17072
427 628 14278
405 294 10631
198 399 14072
686 595 16067
331 152 20062
353 315 20247
465 587 20148
793 551 13438
67 433 11108
451 475 5192
272 117 4652
9 19 19324
214 604 17978
305 203 13142
79 351 13288
623 54 19804
483 714 2275
401 207 15304
287 460 10596
584 459 11389
622 440 4794
291 776 15644
746 448 220
465 782 7631
778 144 15253
228 251 13781
771 88 15619
327 271 9279
748 748 20343
28 703 1342
98 650 6061
517 320 14410
639 533 12041
714 1 18130
519 185 15442
387 293 6124
497 599 2211
562 119 10172
375 265 13111
135 224 812
381 755 501
16 288 2523
486 178 18138
61 221 12825
166 788 4193
758 560 7698
496 93 10152
152 430 2692
549 498 5753
510 194 20954
799 532 14042
751 641 3443
394 13 12574
698 108 7499
199 101 11670
644 53 11034
50 449 8135
494 339 17958
473 306 14658
443 568 14230
382 3 897
483 766 6265
327 13 6171
75 359 6391
408 537 2922
630 368 10649
164 29 19935
503 223 7221
297 188 2649
797 182 16164
237 600 18114
728 166 4922
628 495 17347
420 469 10380
108 475 13800
58 47 12080
515 491 9526
266 318 947
722 318 15169
403 464 14804
166 452 5413
788 217 17002
185 327 16854
515 584 454
663 167 18716
326 738 13835
305 510 19305
486 716 16106
728 241 18226
309 737 14687
46 472 8105
574 154 17300
788 373 1550
47 519 6816
697 752 18398
37 353 19660
690 76 15821
518 775 3842
797 450 16945
439 359 14607
213 414 11144
701 225 12190
748 365 5553
153 249 13481
292 306 9813
496 672 15849
589 17 2681
367 337 18321
45 176 6043
635 267 15844
559 568 5993
509 101 10459
634 311 10815
445 98 16423
779 729 13449
119 9 12932
67 83 10037
700 161 10504
610 752 3704
179 239 751
680 475 6584
169 163 18021
394 340 1480
277 588 10229
41 353 17324
183 49 12393
775 233 6571
735 646 9315
109 691 1999
523 405 2266
535 244 4786
286 358 6984
715 334 10354
155 247 11577
163 306 14583
57 603 9265
44 221 16417
526 547 3767
473 787 7781
304 432 19316
560 739 18955
621 225 12914
793 412 14456
740 397 11261
166 295 3387
189 349 4288
118 2 8480
356 589 162
237 177 17079
792 2 6730
449 722 11407
652 618 11481
134 545 19674
757 786 6018
37 517 14321
431 382 19282
335 160 9775
72 679 9535
779 176 7841
119 159 7582
436 207 19868
530 339 141
686 35 3321
704 665 18220
492 265 15576
423 680 20844
610 88 7901
115 195 17000
75 528 206
562 85 12742
793 44 4269
131 469 13487
686 658 1087
744 623 15159
68 206 19298
679 712 18224
36 679 17556
588 463 5556
533 396 18461
455 267 235
516 488 15319
640 87 12267
558 350 110
602 631 16991
14 316 14337
484 772 15309
462 412 12739
791 232 598
119 798 18078
385 741 9892
9 368 3531
519 226 13463
332 206 16135
92 446 14691
452 267 1748
378 384 5971
255 793 14195
462 135 8440
281 678 20529
563 12 7404
339 485 7964
371 269 2366
153 142 6279
429 394 7207
11 775 16429
641 269 19102
533 779 7320
411 3 11517
441 511 8404
701 458 323
38 610 10720
444 659 4905
527 156 6680
573 313 14124
366 654 15089
344 558 13957
117 702 3268
189 389 11529
752 745 10527
111 177 18917
424 746 12229
254 366 7349
476 582 6682
786 508 4584
193 724 7480
459 584 6830
303 413 3008
199 695 17505
386 763 15726
426 626 17344
675 480 3419
247 430 10756
221 90 7641
115 677 15760
394 300 15300
204 128 7198
47 587 5597
402 754 17714
212 518 12192
246 714 13586
193 568 7635
136 246 19675
348 182 17638
716 133 10927
438 277 7987
48 610 2107
656 200 17149
796 214 4250
98 89 20091
145 723 19807
553 684 10197
574 572 9382
