2401
4801
0 1 1871
1 2 1763
2 3 1870
3 4 811
4 5 885
5 6 425
6 7 1308
7 8 1011
8 9 1800
9 10 586
10 11 470
11 12 1024
12 13 398
13 14 864
14 15 1767
15 16 670
16 17 262
17 18 1479
18 19 1202
19 20 441
20 21 1947
21 22 1322
22 23 1543
23 24 159
24 25 919
25 26 580
26 27 543
27 28 548
28 29 1992
29 30 942
30 31 1981
31 32 929
32 33 1993
33 34 32
34 35 568
35 36 1637
36 37 1394
37 38 49
38 39 341
39 40 1743
40 41 141
41 42 85
42 43 1697
43 44 890
44 45 1362
45 46 404
46 47 1895
47 48 1991
48 49 1719
49 50 119
50 51 591
51 52 1072
52 53 1537
53 54 760
54 55 1157
55 56 1738
56 57 1175
57 58 1036
58 59 1393
59 60 1371
60 61 1866
61 62 553
62 63 480
63 64 1829
64 65 43
65 66 316
66 67 904
67 68 83
68 69 58
69 70 1987
70 71 781
71 72 1973
72 73 197
73 74 400
74 75 1359
75 76 1474
76 77 1673
77 78 752
78 79 1296
79 80 627
80 81 273
81 82 1662
82 83 1840
83 84 465
84 85 1503
85 86 122
86 87 279
87 88 448
88 89 910
89 90 426
90 91 971
91 92 110
92 93 930
93 94 497
94 95 1745
95 96 652
96 97 346
97 98 1940
98 99 905
99 100 90
100 101 1320
101 102 1393
102 103 749
103 104 152
104 105 1040
105 106 969
106 107 221
107 108 783
108 109 1840
109 110 1331
110 111 1804
111 112 572
112 113 702
113 114 517
114 115 1431
115 116 13
116 117 334
117 118 722
118 119 1830
119 120 1315
120 121 1952
121 122 1027
122 123 55
123 124 204
124 125 1302
125 126 808
126 127 1496
127 128 1247
128 129 482
129 130 1233
130 131 1242
131 132 1252
132 133 669
133 134 698
134 135 218
135 136 1184
136 137 733
137 138 843
138 139 213
139 140 809
140 141 790
141 142 849
142 143 1576
143 144 146
144 145 537
145 146 718
146 147 1405
147 148 1643
148 149 1691
149 150 462
150 151 275
151 152 520
152 153 38
153 154 515
154 155 270
155 156 87
156 157 611
157 158 1288
158 159 771
159 160 1355
160 161 683
161 162 1632
162 163 947
163 164 1125
164 165 890
165 166 825
166 167 944
167 168 1623
168 169 1852
169 170 77
170 171 958
171 172 567
172 173 1770
173 174 1795
174 175 1189
175 176 757
176 177 280
177 178 932
178 179 47
179 180 550
180 181 1731
181 182 1048
182 183 227
183 184 96
184 185 125
185 186 1978
186 187 1402
187 188 475
188 189 1534
189 190 980
190 191 938
191 192 1206
192 193 148
193 194 976
194 195 1789
195 196 372
196 197 1771
197 198 786
198 199 1115
199 200 127
200 201 543
201 202 1341
202 203 1795
203 204 454
204 205 959
205 206 176
206 207 1268
207 208 374
208 209 749
209 210 1596
210 211 1564
211 212 247
212 213 66
213 214 964
214 215 561
215 216 1884
216 217 802
217 218 1559
218 219 1421
219 220 115
220 221 1244
221 222 1234
222 223 432
223 224 1319
224 225 386
225 226 1305
226 227 527
227 228 510
228 229 851
229 230 1376
230 231 532
231 232 1876
232 233 118
233 234 122
234 235 577
235 236 1167
236 237 1773
237 238 307
238 239 1495
239 240 422
240 241 1945
241 242 228
242 243 1374
243 244 1101
244 245 1999
245 246 523
246 247 156
247 248 989
248 249 1481
249 250 1979
250 251 779
251 252 1879
252 253 1814
253 254 270
254 255 998
255 256 110
256 257 671
257 258 1848
258 259 626
259 260 85
260 261 301
261 262 147
262 263 1868
263 264 1898
264 265 526
265 266 1722
266 267 1375
267 268 1524
268 269 1995
269 270 871
270 271 1998
271 272 1529
272 273 1256
273 274 408
274 275 1736
275 276 1550
276 277 1708
277 278 1792
278 279 1182
279 280 266
280 281 183
281 282 1551
282 283 1753
283 284 905
284 285 615
285 286 935
286 287 962
287 288 1200
288 289 1757
289 290 462
290 291 1807
291 292 344
292 293 304
293 294 1350
294 295 1413
295 296 585
296 297 907
297 298 1218
298 299 1624
299 300 1866
300 301 193
301 302 451
302 303 80
303 304 817
304 305 1231
305 306 1324
306 307 1793
307 308 744
308 309 6
309 310 78
310 311 1956
311 312 1740
312 313 1504
313 314 216
314 315 1079
315 316 1466
316 317 1547
317 318 1401
318 319 580
319 320 1745
320 321 1945
321 322 1389
322 323 1913
323 324 65
324 325 1315
325 326 940
326 327 199
327 328 1821
328 329 361
329 330 1734
330 331 1424
331 332 1122
332 333 736
333 334 1533
334 335 1834
335 336 1298
336 337 1733
337 338 1060
338 339 1223
339 340 1615
340 341 702
341 342 1855
342 343 756
343 344 1906
344 345 1124
345 346 1833
346 347 1718
347 348 1319
348 349 1487
349 350 329
350 351 602
351 352 441
352 353 970
353 354 422
354 355 1063
355 356 632
356 357 1707
357 358 600
358 359 601
359 360 41
360 361 1683
361 362 323
362 363 675
363 364 521
364 365 1722
365 366 1589
366 367 1484
367 368 1670
368 369 215
369 370 1929
370 371 1315
371 372 72
372 373 780
373 374 1304
374 375 1846
375 376 395
376 377 1574
377 378 335
378 379 850
379 380 869
380 381 1612
381 382 1207
382 383 152
383 384 141
384 385 1760
385 386 963
386 387 272
387 388 163
388 389 1197
389 390 1091
390 391 1527
391 392 1533
392 393 1847
393 394 1926
394 395 294
395 396 990
396 397 1571
397 398 1644
398 399 1549
399 400 1372
400 401 1472
401 402 966
402 403 445
403 404 1763
404 405 1638
405 406 1715
406 407 1609
407 408 352
408 409 1317
409 410 1051
410 411 402
411 412 1237
412 413 1477
413 414 588
414 415 1147
415 416 1023
416 417 1968
417 418 334
418 419 1571
419 420 317
420 421 1828
421 422 943
422 423 1048
423 424 979
424 425 759
425 426 766
426 427 827
427 428 1569
428 429 118
429 430 1817
430 431 1967
431 432 642
432 433 1505
433 434 1278
434 435 377
435 436 400
436 437 132
437 438 855
438 439 1581
439 440 1088
440 441 1375
441 442 638
442 443 975
443 444 1102
444 445 1801
445 446 698
446 447 551
447 448 220
448 449 1800
449 450 1785
450 451 216
451 452 1654
452 453 572
453 454 306
454 455 44
455 456 431
456 457 581
457 458 1675
458 459 691
459 460 1811
460 461 1664
461 462 1773
462 463 1914
463 464 1646
464 465 1180
465 466 704
466 467 1534
467 468 1898
468 469 1697
469 470 512
470 471 351
471 472 102
472 473 705
473 474 1478
474 475 628
475 476 1882
476 477 1227
477 478 1082
478 479 1140
479 480 1904
480 481 681
481 482 1964
482 483 348
483 484 1900
484 485 1403
485 486 169
486 487 1830
487 488 1246
488 489 1666
489 490 536
490 491 52
491 492 647
492 493 1155
493 494 734
494 495 622
495 496 1132
496 497 1548
497 498 1864
498 499 1196
499 500 1409
500 501 1696
501 502 1570
502 503 1545
503 504 284
504 505 1471
505 506 278
506 507 412
507 508 68
508 509 1660
509 510 1320
510 511 1112
511 512 299
512 513 1142
513 514 640
514 515 305
515 516 1810
516 517 29
517 518 442
518 519 942
519 520 1473
520 521 1366
521 522 1919
522 523 310
523 524 1965
524 525 614
525 526 1415
526 527 165
527 528 1321
528 529 1323
529 530 829
530 531 986
531 532 258
532 533 323
533 534 1883
534 535 1447
535 536 1260
536 537 1655
537 538 375
538 539 1664
539 540 1802
540 541 1816
541 542 1190
542 543 502
543 544 1640
544 545 709
545 546 574
546 547 879
547 548 280
548 549 1118
549 550 918
550 551 519
551 552 1259
552 553 298
553 554 1285
554 555 1252
555 556 572
556 557 277
557 558 726
558 559 1293
559 560 1289
560 561 831
561 562 906
562 563 1337
563 564 1521
564 565 58
565 566 1539
566 567 78
567 568 1034
568 569 1036
569 570 1426
570 571 1860
571 572 1633
572 573 716
573 574 1756
574 575 118
575 576 927
576 577 297
577 578 990
578 579 1421
579 580 984
580 581 1137
581 582 1653
582 583 1427
583 584 552
584 585 624
585 586 1659
586 587 141
587 588 1404
588 589 1789
589 590 1723
590 591 26
591 592 1874
592 593 1100
593 594 611
594 595 862
595 596 151
596 597 375
597 598 893
598 599 1835
599 600 1542
600 601 1807
601 602 1813
602 603 1358
603 604 1176
604 605 1013
605 606 442
606 607 1460
607 608 1834
608 609 111
609 610 1574
610 611 1389
611 612 1925
612 613 784
613 614 867
614 615 107
615 616 1037
616 617 704
617 618 518
618 619 1985
619 620 1061
620 621 1621
621 622 1055
622 623 85
623 624 1095
624 625 1873
625 626 503
626 627 316
627 628 109
628 629 1689
629 630 37
630 631 601
631 632 817
632 633 319
633 634 1479
634 635 852
635 636 1956
636 637 811
637 638 1987
638 639 1037
639 640 126
640 641 608
641 642 162
642 643 1659
643 644 171
644 645 734
645 646 1430
646 647 1095
647 648 135
648 649 1345
649 650 421
650 651 1246
651 652 877
652 653 1680
653 654 1878
654 655 1335
655 656 422
656 657 102
657 658 1296
658 659 1167
659 660 1646
660 661 1552
661 662 173
662 663 1545
663 664 1516
664 665 1504
665 666 114
666 667 1506
667 668 1506
668 669 1277
669 670 1948
670 671 496
671 672 333
672 673 1525
673 674 682
674 675 1500
675 676 710
676 677 824
677 678 128
678 679 1740
679 680 634
680 681 1732
681 682 1075
682 683 152
683 684 325
684 685 135
685 686 1343
686 687 1572
687 688 180
688 689 1613
689 690 1455
690 691 1302
691 692 1507
692 693 1200
693 694 323
694 695 1694
695 696 1616
696 697 1495
697 698 570
698 699 917
699 700 1836
700 701 950
701 702 1163
702 703 517
703 704 1327
704 705 309
705 706 72
706 707 712
707 708 724
708 709 1248
709 710 827
710 711 284
711 712 990
712 713 915
713 714 1185
714 715 1454
715 716 1209
716 717 1428
717 718 1620
718 719 254
719 720 1673
720 721 1652
721 722 56
722 723 1883
723 724 1411
724 725 923
725 726 1275
726 727 237
727 728 1648
728 729 1267
729 730 1570
730 731 1786
731 732 1578
732 733 383
733 734 320
734 735 523
735 736 1299
736 737 807
737 738 899
738 739 616
739 740 1000
740 741 540
741 742 42
742 743 1424
743 744 1513
744 745 831
745 746 1602
746 747 445
747 748 1979
748 749 168
749 750 1802
750 751 203
751 752 1180
752 753 1945
753 754 1979
754 755 1166
755 756 1368
756 757 473
757 758 575
758 759 1157
759 760 1754
760 761 155
761 762 978
762 763 1236
763 764 1502
764 765 248
765 766 1395
766 767 318
767 768 737
768 769 1597
769 770 1268
770 771 222
771 772 1209
772 773 408
773 774 231
774 775 657
775 776 1026
776 777 800
777 778 311
778 779 311
779 780 1567
780 781 48
781 782 364
782 783 1068
783 784 1
784 785 1602
785 786 1134
786 787 680
787 788 225
788 789 1277
789 790 802
790 791 225
791 792 1532
792 793 339
793 794 118
794 795 1668
795 796 581
796 797 1294
797 798 562
798 799 1563
799 800 1628
800 801 1508
801 802 199
802 803 269
803 804 1637
804 805 91
805 806 458
806 807 370
807 808 568
808 809 1556
809 810 1980
810 811 564
811 812 900
812 813 926
813 814 1839
814 815 1001
815 816 1531
816 817 135
817 818 1924
818 819 1763
819 820 1026
820 821 1657
821 822 841
822 823 63
823 824 997
824 825 107
825 826 1606
826 827 298
827 828 1223
828 829 1074
829 830 1520
830 831 1058
831 832 490
832 833 1964
833 834 1780
834 835 124
835 836 981
836 837 1093
837 838 1816
838 839 235
839 840 1407
840 841 952
841 842 1287
842 843 699
843 844 304
844 845 658
845 846 1325
846 847 1428
847 848 1612
848 849 418
849 850 648
850 851 387
851 852 535
852 853 1878
853 854 1465
854 855 1871
855 856 956
856 857 1821
857 858 735
858 859 1219
859 860 1306
860 861 219
861 862 842
862 863 1128
863 864 443
864 865 1899
865 866 820
866 867 791
867 868 1651
868 869 1348
869 870 1545
870 871 1442
871 872 1936
872 873 1174
873 874 238
874 875 870
875 876 454
876 877 1560
877 878 73
878 879 178
879 880 1837
880 881 1696
881 882 1763
882 883 1260
883 884 640
884 885 1786
885 886 1323
886 887 1669
887 888 1272
888 889 862
889 890 596
890 891 1111
891 892 1238
892 893 1781
893 894 438
894 895 1622
895 896 49
896 897 1632
897 898 531
898 899 1556
899 900 146
900 901 739
901 902 510
902 903 168
903 904 1455
904 905 944
905 906 264
906 907 169
907 908 1211
908 909 819
909 910 1712
910 911 1405
911 912 729
912 913 1183
913 914 426
914 915 1173
915 916 461
916 917 18
917 918 730
918 919 159
919 920 1995
920 921 287
921 922 1748
922 923 1178
923 924 757
924 925 207
925 926 214
926 927 1892
927 928 305
928 929 473
929 930 1340
930 931 19
931 932 1980
932 933 859
933 934 186
934 935 1879
935 936 971
936 937 1850
937 938 1978
938 939 971
939 940 33
940 941 1829
941 942 1708
942 943 1827
943 944 402
944 945 1603
945 946 1933
946 947 683
947 948 616
948 949 1562
949 950 1858
950 951 1459
951 952 1204
952 953 720
953 954 810
954 955 1626
955 956 579
956 957 1087
957 958 504
958 959 730
959 960 226
960 961 918
961 962 1263
962 963 1138
963 964 1733
964 965 1242
965 966 1228
966 967 1441
967 968 1299
968 969 1878
969 970 1757
970 971 233
971 972 1785
972 973 945
973 974 1511
974 975 1559
975 976 1196
976 977 1425
977 978 1545
978 979 1629
979 980 245
980 981 396
981 982 850
982 983 71
983 984 1319
984 985 550
985 986 715
986 987 1364
987 988 536
988 989 808
989 990 1746
990 991 1936
991 992 111
992 993 286
993 994 1959
994 995 1283
995 996 1815
996 997 1751
997 998 598
998 999 656
999 1000 694
1000 1001 242
1001 1002 1802
1002 1003 1449
1003 1004 1828
1004 1005 1506
1005 1006 81
1006 1007 1497
1007 1008 555
1008 1009 1436
1009 1010 1895
1010 1011 752
1011 1012 1242
1012 1013 1594
1013 1014 361
1014 1015 744
1015 1016 1140
1016 1017 1623
1017 1018 1935
1018 1019 270
1019 1020 993
1020 1021 1950
1021 1022 880
1022 1023 1993
1023 1024 1577
1024 1025 1466
1025 1026 607
1026 1027 414
1027 1028 81
1028 1029 578
1029 1030 1136
1030 1031 1727
1031 1032 214
1032 1033 1532
1033 1034 172
1034 1035 995
1035 1036 36
1036 1037 648
1037 1038 1102
1038 1039 25
1039 1040 1258
1040 1041 734
1041 1042 811
1042 1043 336
1043 1044 1172
1044 1045 1149
1045 1046 676
1046 1047 1387
1047 1048 385
1048 1049 1916
1049 1050 372
1050 1051 762
1051 1052 330
1052 1053 1911
1053 1054 1557
1054 1055 1312
1055 1056 1400
1056 1057 1169
1057 1058 779
1058 1059 721
1059 1060 68
1060 1061 1813
1061 1062 1225
1062 1063 605
1063 1064 392
1064 1065 1122
1065 1066 1356
1066 1067 953
1067 1068 566
1068 1069 1309
1069 1070 1268
1070 1071 1022
1071 1072 1902
1072 1073 240
1073 1074 122
1074 1075 1636
1075 1076 1559
1076 1077 235
1077 1078 400
1078 1079 1670
1079 1080 1023
1080 1081 1812
1081 1082 665
1082 1083 1456
1083 1084 421
1084 1085 842
1085 1086 525
1086 1087 118
1087 1088 1391
1088 1089 544
1089 1090 1393
1090 1091 958
1091 1092 1201
1092 1093 1015
1093 1094 1090
1094 1095 12
1095 1096 561
1096 1097 1818
1097 1098 1846
1098 1099 161
1099 1100 318
1100 1101 59
1101 1102 1460
1102 1103 1520
1103 1104 93
1104 1105 651
1105 1106 1446
1106 1107 27
1107 1108 1895
1108 1109 864
1109 1110 239
1110 1111 1732
1111 1112 1259
1112 1113 1979
1113 1114 1345
1114 1115 754
1115 1116 771
1116 1117 155
1117 1118 1088
1118 1119 1154
1119 1120 952
1120 1121 613
1121 1122 1458
1122 1123 1603
1123 1124 1172
1124 1125 161
1125 1126 293
1126 1127 16
1127 1128 514
1128 1129 757
1129 1130 1235
1130 1131 259
1131 1132 1961
1132 1133 276
1133 1134 1934
1134 1135 1455
1135 1136 1034
1136 1137 1868
1137 1138 349
1138 1139 1217
1139 1140 1076
1140 1141 1632
1141 1142 1832
1142 1143 883
1143 1144 1229
1144 1145 1178
1145 1146 155
1146 1147 1642
1147 1148 526
1148 1149 284
1149 1150 1762
1150 1151 1514
1151 1152 277
1152 1153 1929
1153 1154 1594
1154 1155 783
1155 1156 1673
1156 1157 361
1157 1158 1783
1158 1159 1515
1159 1160 1036
1160 1161 1218
1161 1162 1438
1162 1163 210
1163 1164 410
1164 1165 371
1165 1166 56
1166 1167 1919
1167 1168 1608
1168 1169 287
1169 1170 771
1170 1171 193
1171 1172 407
1172 1173 885
1173 1174 1257
1174 1175 1818
1175 1176 1860
1176 1177 1207
1177 1178 242
1178 1179 1337
1179 1180 862
1180 1181 1314
1181 1182 42
1182 1183 11
1183 1184 1793
1184 1185 144
1185 1186 220
1186 1187 1694
1187 1188 386
1188 1189 669
1189 1190 291
1190 1191 1933
1191 1192 122
1192 1193 1919
1193 1194 1777
1194 1195 144
1195 1196 1533
1196 1197 1683
1197 1198 939
1198 1199 1484
1199 1200 806
1200 1201 1534
1201 1202 1346
1202 1203 1307
1203 1204 1472
1204 1205 1103
1205 1206 80
1206 1207 1970
1207 1208 1135
1208 1209 1479
1209 1210 688
1210 1211 1269
1211 1212 1336
1212 1213 1118
1213 1214 1264
1214 1215 219
1215 1216 131
1216 1217 1656
1217 1218 425
1218 1219 625
1219 1220 1883
1220 1221 1737
1221 1222 342
1222 1223 1186
1223 1224 1737
1224 1225 1526
1225 1226 126
1226 1227 595
1227 1228 785
1228 1229 14
1229 1230 1541
1230 1231 1055
1231 1232 1530
1232 1233 1201
1233 1234 938
1234 1235 401
1235 1236 25
1236 1237 73
1237 1238 912
1238 1239 1767
1239 1240 1293
1240 1241 1176
1241 1242 1201
1242 1243 1718
1243 1244 779
1244 1245 494
1245 1246 1795
1246 1247 482
1247 1248 583
1248 1249 37
1249 1250 696
1250 1251 1312
1251 1252 1311
1252 1253 1136
1253 1254 841
1254 1255 368
1255 1256 1637
1256 1257 757
1257 1258 1146
1258 1259 112
1259 1260 59
1260 1261 1680
1261 1262 746
1262 1263 1809
1263 1264 1499
1264 1265 1932
1265 1266 377
1266 1267 332
1267 1268 993
1268 1269 1301
1269 1270 326
1270 1271 814
1271 1272 1565
1272 1273 100
1273 1274 292
1274 1275 1566
1275 1276 776
1276 1277 1577
1277 1278 1929
1278 1279 200
1279 1280 1606
1280 1281 43
1281 1282 1801
1282 1283 756
1283 1284 1394
1284 1285 119
1285 1286 1585
1286 1287 613
1287 1288 1620
1288 1289 414
1289 1290 1200
1290 1291 1611
1291 1292 1951
1292 1293 1572
1293 1294 1558
1294 1295 1748
1295 1296 1918
1296 1297 1778
1297 1298 625
1298 1299 1231
1299 1300 887
1300 1301 680
1301 1302 1701
1302 1303 127
1303 1304 886
1304 1305 1831
1305 1306 1829
1306 1307 1343
1307 1308 1641
1308 1309 1278
1309 1310 284
1310 1311 1263
1311 1312 1908
1312 1313 900
1313 1314 1366
1314 1315 1868
1315 1316 1265
1316 1317 1536
1317 1318 1213
1318 1319 159
1319 1320 1332
1320 1321 561
1321 1322 432
1322 1323 1552
1323 1324 623
1324 1325 1703
1325 1326 314
1326 1327 164
1327 1328 1276
1328 1329 1760
1329 1330 1674
1330 1331 190
1331 1332 704
1332 1333 1484
1333 1334 737
1334 1335 1177
1335 1336 722
1336 1337 1232
1337 1338 1794
1338 1339 927
1339 1340 469
1340 1341 1784
1341 1342 1958
1342 1343 900
1343 1344 852
1344 1345 1553
1345 1346 1633
1346 1347 254
1347 1348 761
1348 1349 1978
1349 1350 1417
1350 1351 1605
1351 1352 43
1352 1353 709
1353 1354 16
1354 1355 888
1355 1356 260
1356 1357 1465
1357 1358 1312
1358 1359 634
1359 1360 1269
1360 1361 1420
1361 1362 695
1362 1363 1796
1363 1364 1511
1364 1365 712
1365 1366 1883
1366 1367 1284
1367 1368 1727
1368 1369 1840
1369 1370 215
1370 1371 636
1371 1372 751
1372 1373 331
1373 1374 334
1374 1375 1083
1375 1376 296
1376 1377 384
1377 1378 143
1378 1379 535
1379 1380 1846
1380 1381 837
1381 1382 97
1382 1383 1454
1383 1384 1861
1384 1385 1622
1385 1386 235
1386 1387 118
1387 1388 289
1388 1389 1045
1389 1390 60
1390 1391 1745
1391 1392 1329
1392 1393 342
1393 1394 1673
1394 1395 1447
1395 1396 679
1396 1397 1797
1397 1398 678
1398 1399 907
1399 1400 188
1400 1401 286
1401 1402 766
1402 1403 1017
1403 1404 584
1404 1405 602
1405 1406 319
1406 1407 1613
1407 1408 773
1408 1409 1060
1409 1410 1370
1410 1411 113
1411 1412 1122
1412 1413 1749
1413 1414 151
1414 1415 1488
1415 1416 710
1416 1417 1366
1417 1418 1412
1418 1419 196
1419 1420 925
1420 1421 1932
1421 1422 79
1422 1423 754
1423 1424 564
1424 1425 1605
1425 1426 1534
1426 1427 1370
1427 1428 1098
1428 1429 1956
1429 1430 588
1430 1431 1967
1431 1432 1355
1432 1433 430
1433 1434 362
1434 1435 180
1435 1436 777
1436 1437 705
1437 1438 743
1438 1439 1479
1439 1440 1955
1440 1441 415
1441 1442 448
1442 1443 1850
1443 1444 212
1444 1445 1971
1445 1446 1309
1446 1447 472
1447 1448 1392
1448 1449 723
1449 1450 1043
1450 1451 749
1451 1452 779
1452 1453 1197
1453 1454 422
1454 1455 247
1455 1456 7
1456 1457 149
1457 1458 646
1458 1459 1191
1459 1460 367
1460 1461 269
1461 1462 1438
1462 1463 962
1463 1464 1899
1464 1465 1521
1465 1466 1614
1466 1467 1967
1467 1468 1057
1468 1469 865
1469 1470 53
1470 1471 811
1471 1472 407
1472 1473 1941
1473 1474 1471
1474 1475 939
1475 1476 899
1476 1477 1779
1477 1478 287
1478 1479 1889
1479 1480 171
1480 1481 915
1481 1482 1752
1482 1483 1315
1483 1484 992
1484 1485 1138
1485 1486 1220
1486 1487 533
1487 1488 509
1488 1489 1710
1489 1490 136
1490 1491 566
1491 1492 1110
1492 1493 349
1493 1494 1530
1494 1495 940
1495 1496 444
1496 1497 696
1497 1498 893
1498 1499 1550
1499 1500 1650
1500 1501 727
1501 1502 604
1502 1503 1382
1503 1504 212
1504 1505 535
1505 1506 851
1506 1507 1473
1507 1508 1863
1508 1509 1804
1509 1510 176
1510 1511 1423
1511 1512 534
1512 1513 1866
1513 1514 786
1514 1515 1471
1515 1516 1125
1516 1517 1364
1517 1518 603
1518 1519 510
1519 1520 439
1520 1521 1975
1521 1522 205
1522 1523 545
1523 1524 1855
1524 1525 1619
1525 1526 1488
1526 1527 593
1527 1528 1556
1528 1529 698
1529 1530 1282
1530 1531 1204
1531 1532 576
1532 1533 198
1533 1534 438
1534 1535 879
1535 1536 1112
1536 1537 687
1537 1538 34
1538 1539 1808
1539 1540 275
1540 1541 1634
1541 1542 1437
1542 1543 1558
1543 1544 1903
1544 1545 1736
1545 1546 1124
1546 1547 1305
1547 1548 1190
1548 1549 801
1549 1550 178
1550 1551 1966
1551 1552 437
1552 1553 1287
1553 1554 659
1554 1555 197
1555 1556 334
1556 1557 1410
1557 1558 382
1558 1559 251
1559 1560 1943
1560 1561 862
1561 1562 1577
1562 1563 1364
1563 1564 137
1564 1565 113
1565 1566 379
1566 1567 601
1567 1568 1424
1568 1569 863
1569 1570 1814
1570 1571 1601
1571 1572 989
1572 1573 1372
1573 1574 1211
1574 1575 1851
1575 1576 437
1576 1577 471
1577 1578 490
1578 1579 481
1579 1580 134
1580 1581 609
1581 1582 151
1582 1583 1514
1583 1584 871
1584 1585 1542
1585 1586 752
1586 1587 267
1587 1588 1415
1588 1589 1674
1589 1590 586
1590 1591 1825
1591 1592 340
1592 1593 1627
1593 1594 205
1594 1595 418
1595 1596 1411
1596 1597 1022
1597 1598 332
1598 1599 1663
1599 1600 676
1600 1601 1824
1601 1602 1743
1602 1603 470
1603 1604 150
1604 1605 643
1605 1606 753
1606 1607 1158
1607 1608 1934
1608 1609 1765
1609 1610 1597
1610 1611 1169
1611 1612 1994
1612 1613 1195
1613 1614 664
1614 1615 1171
1615 1616 108
1616 1617 764
1617 1618 151
1618 1619 200
1619 1620 1512
1620 1621 1344
1621 1622 1888
1622 1623 922
1623 1624 989
1624 1625 166
1625 1626 41
1626 1627 757
1627 1628 581
1628 1629 1807
1629 1630 535
1630 1631 1513
1631 1632 1083
1632 1633 404
1633 1634 735
1634 1635 1326
1635 1636 402
1636 1637 234
1637 1638 153
1638 1639 1261
1639 1640 575
1640 1641 1893
1641 1642 1221
1642 1643 1283
1643 1644 1888
1644 1645 633
1645 1646 1285
1646 1647 1104
1647 1648 455
1648 1649 1270
1649 1650 493
1650 1651 1134
1651 1652 1197
1652 1653 1341
1653 1654 715
1654 1655 704
1655 1656 1862
1656 1657 1382
1657 1658 1346
1658 1659 1820
1659 1660 830
1660 1661 1625
1661 1662 740
1662 1663 701
1663 1664 1709
1664 1665 596
1665 1666 1990
1666 1667 1127
1667 1668 751
1668 1669 871
1669 1670 1980
1670 1671 249
1671 1672 1840
1672 1673 598
1673 1674 1424
1674 1675 785
1675 1676 847
1676 1677 528
1677 1678 1406
1678 1679 1360
1679 1680 421
1680 1681 1723
1681 1682 424
1682 1683 451
1683 1684 1468
1684 1685 1851
1685 1686 906
1686 1687 772
1687 1688 368
1688 1689 1801
1689 1690 1105
1690 1691 360
1691 1692 343
1692 1693 1450
1693 1694 1217
1694 1695 778
1695 1696 1171
1696 1697 19
1697 1698 1995
1698 1699 105
1699 1700 1428
1700 1701 1581
1701 1702 1584
1702 1703 1623
1703 1704 995
1704 1705 1954
1705 1706 1750
1706 1707 381
1707 1708 500
1708 1709 1259
1709 1710 1397
1710 1711 60
1711 1712 533
1712 1713 1369
1713 1714 656
1714 1715 1751
1715 1716 1167
1716 1717 1
1717 1718 1249
1718 1719 358
1719 1720 1257
1720 1721 275
1721 1722 612
1722 1723 1363
1723 1724 1652
1724 1725 1984
1725 1726 1771
1726 1727 902
1727 1728 351
1728 1729 1536
1729 1730 954
1730 1731 1950
1731 1732 1085
1732 1733 1099
1733 1734 1426
1734 1735 580
1735 1736 406
1736 1737 16
1737 1738 719
1738 1739 812
1739 1740 1142
1740 1741 1758
1741 1742 1280
1742 1743 726
1743 1744 491
1744 1745 470
1745 1746 442
1746 1747 1544
1747 1748 264
1748 1749 1455
1749 1750 550
1750 1751 1810
1751 1752 842
1752 1753 24
1753 1754 1909
1754 1755 1324
1755 1756 432
1756 1757 1506
1757 1758 62
1758 1759 936
1759 1760 722
1760 1761 1169
1761 1762 485
1762 1763 785
1763 1764 165
1764 1765 770
1765 1766 274
1766 1767 1652
1767 1768 190
1768 1769 772
1769 1770 457
1770 1771 400
1771 1772 1078
1772 1773 71
1773 1774 1908
1774 1775 1215
1775 1776 58
1776 1777 1328
1777 1778 1450
1778 1779 1024
1779 1780 497
1780 1781 1240
1781 1782 1689
1782 1783 1544
1783 1784 840
1784 1785 436
1785 1786 745
1786 1787 808
1787 1788 125
1788 1789 696
1789 1790 527
1790 1791 1425
1791 1792 1651
1792 1793 1740
1793 1794 1095
1794 1795 89
1795 1796 1162
1796 1797 601
1797 1798 1841
1798 1799 1955
1799 1800 1425
1800 1801 88
1801 1802 1009
1802 1803 1423
1803 1804 1873
1804 1805 1420
1805 1806 310
1806 1807 1467
1807 1808 557
1808 1809 823
1809 1810 1995
1810 1811 644
1811 1812 20
1812 1813 871
1813 1814 731
1814 1815 211
1815 1816 167
1816 1817 1249
1817 1818 1126
1818 1819 1638
1819 1820 1194
1820 1821 1964
1821 1822 144
1822 1823 1212
1823 1824 1305
1824 1825 1578
1825 1826 503
1826 1827 426
1827 1828 407
1828 1829 1263
1829 1830 901
1830 1831 1771
1831 1832 78
1832 1833 1517
1833 1834 670
1834 1835 798
1835 1836 1861
1836 1837 33
1837 1838 1689
1838 1839 461
1839 1840 1230
1840 1841 1342
1841 1842 396
1842 1843 1948
1843 1844 1290
1844 1845 28
1845 1846 702
1846 1847 285
1847 1848 1075
1848 1849 712
1849 1850 323
1850 1851 517
1851 1852 623
1852 1853 1703
1853 1854 1277
1854 1855 917
1855 1856 869
1856 1857 569
1857 1858 49
1858 1859 918
1859 1860 1632
1860 1861 387
1861 1862 1950
1862 1863 199
1863 1864 1325
1864 1865 609
1865 1866 1377
1866 1867 1742
1867 1868 1358
1868 1869 602
1869 1870 1937
1870 1871 1962
1871 1872 267
1872 1873 1759
1873 1874 1348
1874 1875 1819
1875 1876 631
1876 1877 1498
1877 1878 585
1878 1879 496
1879 1880 1557
1880 1881 1863
1881 1882 455
1882 1883 626
1883 1884 1144
1884 1885 1506
1885 1886 727
1886 1887 1869
1887 1888 1052
1888 1889 587
1889 1890 827
1890 1891 1098
1891 1892 1501
1892 1893 11
1893 1894 1618
1894 1895 1680
1895 1896 1001
1896 1897 28
1897 1898 951
1898 1899 1679
1899 1900 1102
1900 1901 1622
1901 1902 468
1902 1903 711
1903 1904 1512
1904 1905 1933
1905 1906 1259
1906 1907 879
1907 1908 1427
1908 1909 1940
1909 1910 950
1910 1911 1486
1911 1912 616
1912 1913 677
1913 1914 422
1914 1915 264
1915 1916 1935
1916 1917 48
1917 1918 1095
1918 1919 1994
1919 1920 459
1920 1921 1165
1921 1922 1155
1922 1923 1503
1923 1924 1340
1924 1925 1946
1925 1926 781
1926 1927 1615
1927 1928 806
1928 1929 703
1929 1930 859
1930 1931 1360
1931 1932 455
1932 1933 1775
1933 1934 962
1934 1935 870
1935 1936 616
1936 1937 1526
1937 1938 1154
1938 1939 1191
1939 1940 1172
1940 1941 947
1941 1942 1905
1942 1943 73
1943 1944 1367
1944 1945 1613
1945 1946 952
1946 1947 1820
1947 1948 363
1948 1949 893
1949 1950 1598
1950 1951 1419
1951 1952 1513
1952 1953 917
1953 1954 1670
1954 1955 1664
1955 1956 1708
1956 1957 1702
1957 1958 785
1958 1959 929
1959 1960 1886
1960 1961 679
1961 1962 599
1962 1963 217
1963 1964 863
1964 1965 1399
1965 1966 518
1966 1967 1017
1967 1968 567
1968 1969 583
1969 1970 661
1970 1971 75
1971 1972 1281
1972 1973 845
1973 1974 139
1974 1975 191
1975 1976 1135
1976 1977 287
1977 1978 1280
1978 1979 584
1979 1980 684
1980 1981 1077
1981 1982 682
1982 1983 50
1983 1984 647
1984 1985 1123
1985 1986 1148
1986 1987 1297
1987 1988 947
1988 1989 741
1989 1990 1095
1990 1991 870
1991 1992 626
1992 1993 1785
1993 1994 72
1994 1995 5
1995 1996 1495
1996 1997 669
1997 1998 61
1998 1999 1147
1999 2000 1707
2000 2001 4
2001 2002 692
2002 2003 174
2003 2004 1319
2004 2005 1013
2005 2006 747
2006 2007 706
2007 2008 1044
2008 2009 679
2009 2010 10
2010 2011 1326
2011 2012 686
2012 2013 238
2013 2014 1376
2014 2015 319
2015 2016 1054
2016 2017 1311
2017 2018 1903
2018 2019 1402
2019 2020 686
2020 2021 858
2021 2022 98
2022 2023 1531
2023 2024 391
2024 2025 246
2025 2026 570
2026 2027 870
2027 2028 973
2028 2029 1609
2029 2030 971
2030 2031 743
2031 2032 289
2032 2033 886
2033 2034 160
2034 2035 777
2035 2036 1740
2036 2037 1650
2037 2038 625
2038 2039 965
2039 2040 1773
2040 2041 2
2041 2042 388
2042 2043 1854
2043 2044 1063
2044 2045 449
2045 2046 190
2046 2047 963
2047 2048 1799
2048 2049 299
2049 2050 1850
2050 2051 1323
2051 2052 1194
2052 2053 1538
2053 2054 1425
2054 2055 1746
2055 2056 870
2056 2057 1219
2057 2058 275
2058 2059 1022
2059 2060 496
2060 2061 169
2061 2062 1675
2062 2063 1601
2063 2064 55
2064 2065 1008
2065 2066 100
2066 2067 6
2067 2068 592
2068 2069 1466
2069 2070 1253
2070 2071 1216
2071 2072 1426
2072 2073 1048
2073 2074 757
2074 2075 1738
2075 2076 1873
2076 2077 1664
2077 2078 1438
2078 2079 851
2079 2080 1344
2080 2081 397
2081 2082 1215
2082 2083 499
2083 2084 792
2084 2085 941
2085 2086 1063
2086 2087 1461
2087 2088 167
2088 2089 1023
2089 2090 1167
2090 2091 888
2091 2092 750
2092 2093 689
2093 2094 1729
2094 2095 792
2095 2096 869
2096 2097 304
2097 2098 532
2098 2099 1756
2099 2100 501
2100 2101 639
2101 2102 109
2102 2103 1396
2103 2104 1553
2104 2105 1005
2105 2106 1177
2106 2107 1933
2107 2108 843
2108 2109 1664
2109 2110 1693
2110 2111 1378
2111 2112 1903
2112 2113 1806
2113 2114 1721
2114 2115 1605
2115 2116 421
2116 2117 88
2117 2118 1773
2118 2119 1032
2119 2120 1500
2120 2121 1530
2121 2122 1030
2122 2123 179
2123 2124 647
2124 2125 130
2125 2126 384
2126 2127 1287
2127 2128 1928
2128 2129 1590
2129 2130 1608
2130 2131 272
2131 2132 652
2132 2133 127
2133 2134 501
2134 2135 677
2135 2136 1303
2136 2137 1124
2137 2138 630
2138 2139 1762
2139 2140 915
2140 2141 394
2141 2142 425
2142 2143 1160
2143 2144 1869
2144 2145 779
2145 2146 56
2146 2147 1004
2147 2148 1872
2148 2149 1167
2149 2150 627
2150 2151 1932
2151 2152 899
2152 2153 845
2153 2154 1105
2154 2155 452
2155 2156 49
2156 2157 391
2157 2158 1936
2158 2159 804
2159 2160 1647
2160 2161 466
2161 2162 1124
2162 2163 1474
2163 2164 501
2164 2165 255
2165 2166 1497
2166 2167 1939
2167 2168 1246
2168 2169 1604
2169 2170 586
2170 2171 1859
2171 2172 102
2172 2173 1730
2173 2174 1704
2174 2175 1434
2175 2176 1849
2176 2177 1209
2177 2178 38
2178 2179 696
2179 2180 1139
2180 2181 1752
2181 2182 1035
2182 2183 1709
2183 2184 161
2184 2185 557
2185 2186 24
2186 2187 908
2187 2188 1222
2188 2189 1343
2189 2190 136
2190 2191 133
2191 2192 1220
2192 2193 625
2193 2194 638
2194 2195 1706
2195 2196 482
2196 2197 55
2197 2198 581
2198 2199 502
2199 2200 1472
2200 2201 881
2201 2202 1104
2202 2203 1512
2203 2204 448
2204 2205 591
2205 2206 1782
2206 2207 585
2207 2208 1506
2208 2209 1255
2209 2210 1902
2210 2211 1041
2211 2212 1525
2212 2213 1772
2213 2214 1442
2214 2215 1908
2215 2216 1480
2216 2217 488
2217 2218 1033
2218 2219 829
2219 2220 1991
2220 2221 663
2221 2222 1715
2222 2223 476
2223 2224 658
2224 2225 430
2225 2226 241
2226 2227 394
2227 2228 63
2228 2229 1935
2229 2230 815
2230 2231 160
2231 2232 648
2232 2233 921
2233 2234 1187
2234 2235 517
2235 2236 679
2236 2237 982
2237 2238 1647
2238 2239 1073
2239 2240 224
2240 2241 956
2241 2242 290
2242 2243 967
2243 2244 1079
2244 2245 169
2245 2246 615
2246 2247 143
2247 2248 1643
2248 2249 113
2249 2250 857
2250 2251 1234
2251 2252 240
2252 2253 1835
2253 2254 1325
2254 2255 1987
2255 2256 38
2256 2257 625
2257 2258 1102
2258 2259 1570
2259 2260 1573
2260 2261 1835
2261 2262 363
2262 2263 31
2263 2264 715
2264 2265 1515
2265 2266 1785
2266 2267 1525
2267 2268 1180
2268 2269 473
2269 2270 1857
2270 2271 726
2271 2272 948
2272 2273 1899
2273 2274 1162
2274 2275 452
2275 2276 1253
2276 2277 392
2277 2278 536
2278 2279 1510
2279 2280 1831
2280 2281 1188
2281 2282 1759
2282 2283 1895
2283 2284 806
2284 2285 1689
2285 2286 127
2286 2287 1772
2287 2288 1406
2288 2289 1245
2289 2290 539
2290 2291 33
2291 2292 1338
2292 2293 796
2293 2294 1040
2294 2295 146
2295 2296 175
2296 2297 1015
2297 2298 1198
2298 2299 1927
2299 2300 1028
2300 2301 311
2301 2302 1088
2302 2303 882
2303 2304 1459
2304 2305 1232
2305 2306 1310
2306 2307 234
2307 2308 125
2308 2309 1563
2309 2310 1198
2310 2311 240
2311 2312 582
2312 2313 1838
2313 2314 1855
2314 2315 592
2315 2316 1846
2316 2317 676
2317 2318 614
2318 2319 276
2319 2320 1776
2320 2321 1819
2321 2322 490
2322 2323 1567
2323 2324 326
2324 2325 1461
2325 2326 617
2326 2327 305
2327 2328 1986
2328 2329 1432
2329 2330 1642
2330 2331 252
2331 2332 230
2332 2333 115
2333 2334 978
2334 2335 643
2335 2336 673
2336 2337 1662
2337 2338 1857
2338 2339 1443
2339 2340 1994
2340 2341 1902
2341 2342 445
2342 2343 627
2343 2344 1363
2344 2345 655
2345 2346 244
2346 2347 1698
2347 2348 138
2348 2349 1938
2349 2350 678
2350 2351 1652
2351 2352 1504
2352 2353 817
2353 2354 1965
2354 2355 1224
2355 2356 5
2356 2357 976
2357 2358 1401
2358 2359 521
2359 2360 1086
2360 2361 1028
2361 2362 1978
2362 2363 1766
2363 2364 762
2364 2365 1439
2365 2366 1157
2366 2367 1891
2367 2368 1425
2368 2369 1667
2369 2370 867
2370 2371 193
2371 2372 195
2372 2373 1450
2373 2374 1217
2374 2375 1342
2375 2376 1977
2376 2377 138
2377 2378 25
2378 2379 114
2379 2380 244
2380 2381 1784
2381 2382 1505
2382 2383 1609
2383 2384 1267
2384 2385 1757
2385 2386 129
2386 2387 555
2387 2388 453
2388 2389 1795
2389 2390 1533
2390 2391 1685
2391 2392 121
2392 2393 1589
2393 2394 1096
2394 2395 1490
2395 2396 1732
2396 2397 549
2397 2398 711
2398 2399 1286
2399 2400 1910
2400 0 472
2117 1237 12994
446 217 16949
568 1565 13146
1822 2122 19868
1650 155 10671
1330 604 6174
154 665 6257
1888 413 19400
1330 1501 339
1393 1907 20897
769 1903 241
2302 857 5107
2352 834 9533
1225 1567 17954
1136 889 15107
1946 26 19545
1901 1210 3907
1431 401 14415
1512 353 5429
250 1602 1397
962 822 5604
1064 1360 5969
2249 139 1563
600 1250 20988
1968 969 14950
2127 790 19196
2298 1798 12551
2119 315 10320
1482 1982 2557
1155 206 19584
2036 1506 7295
2254 1307 7654
2077 855 19848
778 2034 4761
533 1597 10317
491 307 14725
2312 828 9996
584 2086 10660
37 424 9237
997 1072 14207
187 201 13876
2047 511 9073
672 1690 12891
316 232 13141
372 1337 10894
1205 1108 14648
2384 849 19219
1687 2326 7847
927 1829 12601
873 213 3348
2318 2158 90
1068 681 15104
159 1707 7706
2368 228 2594
2291 1815 9852
1122 321 8053
193 1654 9321
115 1094 5247
771 1968 15880
1300 1896 2745
849 161 10867
2215 1625 19365
1468 680 12377
736 1261 6407
1170 2191 1776
2039 1104 2477
917 1095 16820
1367 771 14533
2387 391 12218
920 655 15877
1671 2116 7516
646 1720 2118
526 2013 2102
1850 385 19848
2182 1933 16222
2069 741 2743
999 213 11356
2220 685 8346
1731 1630 15354
1046 788 11283
886 2333 20067
1084 2048 9213
843 287 2364
563 1505 5160
785 1029 4173
18 678 3898
1884 620 16
1711 1706 10819
123 604 4267
145 1485 20183
2175 46 16478
2214 64 8236
16 460 3126
1558 2374 1338
972 2299 5777
563 2113 19202
1992 987 9349
282 2235 17954
2388 1422 14375
422 1106 9029
142 1137 12113
550 2208 661
1359 1304 11442
1000 1222 20058
1219 913 15791
130 792 20454
1329 635 2976
1818 489 14358
1563 123 1782
2249 1658 9791
229 27 9071
516 1777 17064
933 1620 6334
1418 1612 1501
1465 1175 465
1745 2097 13327
1875 649 15139
1027 247 12313
363 1545 13604
148 516 20146
601 594 9918
1023 384 5096
270 1925 14214
841 1233 20280
1075 587 746
621 911 19757
139 2193 7610
548 935 4852
2160 1398 20887
1354 1877 2171
1802 897 12070
1265 320 12255
153 747 20454
2063 360 8187
1918 203 11276
1885 172 18793
103 643 20457
1919 848 2409
1929 753 9767
864 1896 363
1274 2000 4049
1668 2210 4299
1952 2369 1541
1463 2239 16940
1157 897 11743
1020 1648 11604
473 1142 18922
421 2000 20666
2159 2028 17770
1585 465 1841
1788 1640 1617
857 1859 14890
1027 154 9727
1553 251 6428
554 1847 2998
1934 1453 18359
186 1963 15757
1129 1031 2990
1246 2002 16230
517 667 14638
1586 2147 18172
1980 1504 156
399 1983 2668
1587 243 4116
1400 1645 16878
637 39 1692
1144 1368 14010
1463 1853 16626
831 422 1646
1767 130 13267
457 587 19023
610 834 18618
716 96 13794
364 18 2516
2380 667 18415
1535 2057 12957
650 224 3625
2292 2270 46
730 2074 2017
1817 907 4352
470 35 9800
259 398 7425
1633 1493 4926
636 1465 1823
1291 810 1429
312 1144 20817
1795 1789 13784
1465 2292 15644
770 1545 419
2331 1633 12559
872 1243 7875
761 2061 374
2310 2105 4623
1838 1731 16316
1552 432 4035
891 198 20590
1972 28 13242
775 248 20729
760 370 863
909 885 4167
485 1492 6604
2344 540 12995
1501 1881 14042
581 616 4950
1532 2320 4177
1831 994 831
1531 642 7545
1484 1832 1348
300 2067 7643
991 2010 11542
2317 1760 20296
1924 577 16841
127 1418 4476
454 922 8213
751 160 9367
81 440 13542
456 2347 12465
2202 63 8211
505 1742 210
1205 985 13067
2285 1817 12033
1224 247 16459
1387 1518 7641
790 1580 10255
1446 973 14382
589 1415 11651
1060 2307 10580
849 1411 6477
230 2088 6240
1329 1798 18327
2273 1929 2162
969 618 11767
345 861 2880
1263 1918 9926
904 1122 7541
207 595 6238
933 1577 3186
1113 2154 6524
1069 556 3134
123 208 12634
544 1349 12357
2231 313 7151
553 188 9885
80 723 6968
577 171 16652
556 1123 1458
1512 2235 8192
638 611 9411
1782 1105 11597
486 589 14576
756 1434 11795
106 918 9493
1784 186 34
2299 1928 12863
1972 1191 6372
2073 696 17670
1966 405 17680
1104 1113 9046
895 2092 11252
968 2116 18590
1597 2358 4198
2177 1513 16549
1144 1785 3486
268 660 697
1845 1376 5423
615 2112 17015
2304 1574 4950
1557 1474 1317
1266 368 1173
1872 300 5519
138 853 4988
2189 2391 8
1321 873 10600
1093 16 3405
2323 1302 2715
122 2109 6417
1220 415 14034
1186 2170 6804
477 570 20327
1948 76 9116
1787 1851 9516
1948 1 5925
677 36 17972
143 770 153
1493 1167 3883
204 2192 10538
566 2118 20663
773 1139 16646
1007 2030 11949
2031 976 11520
1919 757 10895
1859 970 7197
1175 528 1071
1392 228 11738
1160 1500 17957
272 1624 4550
402 2281 12449
2224 473 6793
1768 1094 13031
1021 1694 16301
447 954 7621
294 754 4102
2132 1631 6616
2271 2327 16362
2196 1726 7983
423 1723 17454
535 591 11265
353 2228 17781
892 1648 6180
695 922 9019
772 94 18915
1966 627 17575
2030 1629 1578
331 1198 10720
646 2380 11175
1140 1646 17782
2021 54 4877
1808 1076 9673
358 1584 2281
1480 1960 14599
1602 2331 20856
715 530 17367
617 336 19646
740 512 11434
958 1067 13095
451 1677 5524
871 200 1318
500 2249 20584
1460 425 1372
2163 213 15114
2278 589 5927
196 2183 3396
1884 2111 4241
2292 2221 20212
232 1718 9132
1734 285 13402
1132 1873 14281
1238 45 19980
194 2322 270
2357 490 18614
1515 1403 15364
1629 200 13003
1359 1321 1495
895 564 12338
137 1752 4967
459 1162 6160
19 696 2757
273 2231 777
2016 1014 2978
538 2157 16472
171 2264 11506
1731 308 10458
1301 1585 7357
1617 1893 3756
311 251 1998
1808 778 3031
510 1709 12230
513 146 999
1537 1064 14375
1380 1945 16577
519 1312 5247
654 1775 1226
1108 1412 12689
2049 1562 6459
210 343 6197
1857 441 15877
2118 1272 13615
2016 1058 12905
526 2367 14888
439 744 11414
1965 1682 10868
215 2311 10549
1704 804 3925
2190 1008 10107
814 1803 6946
708 148 10861
684 1511 13069
1452 589 11599
1553 410 6092
2378 1521 13047
508 2371 13848
1771 2064 9069
1087 975 5836
1475 308 20889
427 2173 20130
738 1298 9792
1083 1471 530
1292 1932 1784
1148 1595 12363
2143 218 11535
1875 1127 20040
714 1375 2089
1797 1839 2640
1845 421 5909
1396 591 1210
1712 747 9040
2180 1582 1846
1759 2335 20712
1890 546 14759
2053 1283 7828
700 479 11272
1741 2172 18588
847 1086 16907
1929 1950 4392
874 808 125
574 643 72
2171 1449 10662
2137 512 142
1937 1488 15334
1018 722 18137
1035 719 15566
1994 349 20865
1194 2232 13164
1928 363 961
1979 305 8181
2273 74 4649
1495 950 6633
1890 477 3687
1920 1001 14290
2324 520 2855
1937 1472 6934
1888 1161 14255
342 770 14947
2273 538 14364
2381 1629 4212
802 411 20017
217 1674 18992
821 1176 18373
1221 758 9746
1082 75 15256
24 180 3020
1419 60 16996
1151 2389 19211
2016 701 11075
1258 2339 5029
183 2342 11803
1610 2050 7016
895 583 14306
1926 257 18993
2197 1779 1659
882 1240 18167
659 1168 16536
1113 1054 18002
1130 87 17142
1663 1023 12312
1654 1116 9059
69 1898 19434
1606 1629 10258
416 765 3214
313 915 16428
29 1465 13414
2118 53 6314
1500 2353 6236
2195 1575 11503
333 1638 6105
1286 1057 12082
1705 460 8250
1789 1478 8715
373 961 9100
940 162 5061
1952 2036 17528
7 1976 14566
2051 35 3251
1339 1546 7414
2339 1174 360
603 8 458
2276 1982 19650
326 674 5823
1070 2377 8402
1468 1305 17888
1496 1972 9452
1688 204 5581
1905 975 19159
496 1789 15568
2001 2174 14735
1932 1791 740
2218 1364 17650
1324 259 1256
1938 307 20915
1203 841 5249
1584 389 2169
508 299 14984
1239 984 2194
2336 32 8615
1026 1382 6001
735 838 17753
931 368 13575
2194 345 12598
1324 1015 1850
856 913 19115
1061 1440 10793
1062 1972 12660
1866 866 4631
145 436 14592
1110 829 4098
519 60 16613
152 458 19697
1705 508 16789
498 1227 1739
571 235 13470
1736 1783 12840
1431 2027 3489
2065 1171 20310
1128 1775 20006
1221 1166 5978
357 106 19099
956 1042 399
2129 176 3296
1140 1441 3017
1676 893 10586
374 726 3253
1549 1719 405
1961 673 16912
332 346 15004
1332 1900 924
1484 2096 12552
1590 1318 2624
804 38 1262
763 1513 13236
1345 357 3568
1976 1965 10852
2146 116 10047
2009 8 13301
1146 1234 1418
537 1693 15694
2242 1999 4486
156 1814 17459
2040 1228 4151
2351 2206 15222
558 1801 16276
492 1816 17430
2187 1027 16847
2065 686 1247
661 1343 10005
809 512 17440
1254 488 4108
755 1220 3488
1009 294 11316
415 559 20862
751 1612 9990
395 2153 11343
1734 231 14698
2011 1038 13676
349 2333 12395
1037 1619 15055
1637 1713 15474
1310 300 19555
1504 905 7731
1600 514 14414
1056 2138 3577
2342 1057 20322
1414 2057 15174
2142 2364 1849
161 135 182
848 2316 8240
1040 1573 18823
111 2121 19792
904 1714 19140
1697 2217 7037
956 2260 17717
2281 2359 18974
1781 1526 18908
1380 1583 9033
2068 473 16260
1394 2325 12241
902 808 16442
145 1015 18660
1459 925 8145
1027 1076 10059
901 199 2826
1279 1782 3713
272 1824 13930
617 303 8588
1639 726 12588
2052 186 19264
2123 2127 783
954 389 10709
1842 481 11029
1836 600 4117
1199 520 11898
1896 1561 12779
1026 1238 17812
1085 2064 20925
1680 1935 12413
1368 607 16900
2042 1667 18139
58 1039 7090
1054 1706 9767
1867 669 8608
424 172 10829
849 763 1815
23 808 4119
2282 966 10662
1155 1432 4907
914 1197 5672
1036 731 16507
48 2101 10301
618 2195 9076
636 1690 8661
367 1160 15468
1868 760 9833
1297 1008 19142
2287 833 19629
43 1525 15075
26 2259 7150
502 2089 3483
642 193 6657
1621 1113 11682
202 120 2921
314 2333 1538
517 351 17595
1161 2043 737
332 1267 20381
1112 880 12408
2016 2258 7156
36 1871 3064
978 1809 1663
424 1954 7984
1014 1613 236
13 1960 14099
125 1731 5876
2385 790 6730
2318 1328 14929
965 1055 9619
1566 1347 2669
215 2011 17334
1504 1256 6914
1133 318 15621
1308 1421 2927
80 576 1673
263 85 16861
60 1528 5536
552 39 12884
1177 2275 1720
770 720 18536
1553 849 17369
769 99 3656
785 505 12299
1765 2126 4929
816 360 1794
1866 1031 17860
2315 155 14628
843 1118 16074
1542 2062 855
603 862 1981
255 2227 8913
1202 1363 5224
1090 1750 12761
1736 1924 3342
488 1506 19788
1066 171 6429
239 1379 464
88 50 18152
223 1870 8327
435 73 11812
510 1877 7185
1083 667 6901
473 1473 11571
1175 1937 14823
533 1750 5900
1930 491 12007
1021 814 13657
88 786 17208
2135 467 12279
1541 1553 16155
1256 2079 6265
741 311 16867
877 2395 8889
336 1305 2741
1800 596 2065
905 474 6809
419 2049 8361
862 404 4528
956 553 18238
290 220 9403
1647 1847 19857
1130 563 4376
208 374 9706
1758 246 20808
1259 951 1842
2182 493 13259
2108 1244 6494
437 2265 2897
131 673 17209
1890 2245 3769
375 320 6832
977 1301 18932
1942 2005 12030
621 1045 10279
585 1870 11451
2295 866 6862
1790 657 6976
1569 726 12209
1060 2011 5298
1074 445 19949
2385 2275 10999
475 313 9097
700 459 11293
1612 970 8243
602 522 12649
2394 686 3691
1618 775 1639
1879 946 11934
607 2223 12198
971 1418 14285
1219 1385 6482
1311 1192 17322
905 1323 6534
1681 1599 18903
932 14 15263
601 1081 11025
1095 1140 17059
1517 2334 16543
480 2061 9818
737 1361 3053
1040 267 12569
157 630 6030
92 2172 19423
1924 872 1530
1567 329 8609
17 635 15605
1712 1186 11738
686 367 6748
778 2392 614
726 121 3259
2133 1754 20929
2165 2086 5304
726 614 7115
2180 68 8472
1518 1044 7891
331 2221 9172
1308 636 4895
604 1995 19290
2089 1606 5885
426 1192 15767
418 2124 6552
2039 2376 1546
2093 1735 3595
799 1623 12713
803 1287 18724
698 907 17653
2179 326 16886
1061 1606 19390
2186 1614 5660
209 1810 16039
358 61 13156
1841 2 16820
104 1585 20190
2284 2034 8505
257 1630 4064
2356 1358 12684
339 136 10351
1730 1527 5302
60 1296 9765
1297 90 13968
728 2088 19133
431 1888 14307
205 1874 9353
987 1888 15089
1680 1152 6623
222 1506 14062
162 1420 14090
677 2132 8588
1088 1713 11720
793 377 20125
1525 135 16470
1356 1686 1141
644 275 16298
1254 1523 13488
704 1618 16179
1260 676 1150
1270 648 11920
1680 35 13554
2228 195 19378
2283 154 9958
619 587 13153
590 1865 11227
247 1082 9942
1645 2369 16720
1864 1474 3855
1635 848 2527
785 1908 19603
93 622 6539
530 900 9439
1154 42 14988
496 2268 9159
2178 432 18830
299 243 4393
1724 858 14897
137 252 20684
2069 1580 18736
929 2385 7322
630 1032 20811
583 1744 3810
616 772 5554
396 466 2487
515 1523 16705
243 1872 10369
1766 351 7736
1972 1608 13407
2257 852 18299
397 167 17587
512 1859 14082
2099 2107 11252
2363 593 17294
1306 644 11228
1080 442 17086
1678 361 4869
537 921 4764
1100 938 12287
423 799 17162
1418 2002 10216
1783 300 15072
1927 2304 17869
1051 992 9276
1621 1537 15577
1560 1705 12344
103 713 9357
1202 1936 15869
2288 1516 18475
2361 2005 778
148 2328 12025
1527 961 9493
2294 886 6741
1965 2229 16774
8 1376 13724
2041 1401 14031
2256 1235 14376
1787 1258 14856
1321 1542 17774
432 2087 4674
1262 1216 13482
1019 375 15850
566 675 9266
352 1614 7317
443 2194 14023
1267 2348 15890
1578 191 6222
1762 1873 16157
2383 1520 10766
1077 1548 17909
733 764 4012
1838 208 7991
512 23 14533
1354 1324 9953
976 1364 19797
596 514 5288
1154 1513 3134
405 1512 15705
223 751 15672
882 739 4709
2093 184 18721
1268 2276 14216
1754 2219 20917
551 2030 13189
1948 1285 12193
104 1135 5850
609 308 4458
95 560 9200
1948 2021 11071
1292 365 20053
833 1592 12441
92 2023 13905
715 99 847
164 2257 14556
399 82 18532
1959 1303 7671
687 75 17152
1867 2225 458
1571 279 18247
2163 282 2765
666 2324 223
2194 737 10140
1233 886 20517
2260 369 7578
1633 370 9714
1572 509 13485
1380 1044 13151
753 332 19760
7 443 18401
1094 710 16399
22 1932 14160
1137 1967 8199
1080 1954 19242
1616 73 15132
2376 992 11119
583 1575 6030
1308 1074 16697
204 1039 7546
962 178 2844
1285 1645 4729
2258 695 10312
2015 1435 7021
392 111 14231
715 1911 9489
781 1373 8977
559 1245 1948
1064 686 18363
1270 1809 20572
1224 1139 6703
2360 2074 12400
1465 393 15344
2144 1530 621
228 78 16080
1438 1152 16069
782 41 16191
20 215 2013
86 1729 11266
71 1537 15003
134 932 15645
2354 1776 20999
2040 889 6062
1667 906 20272
151 706 7629
2142 2015 5578
2075 1416 2237
1853 1412 9420
442 380 1154
1570 2066 8566
39 1683 20511
97 178 13976
561 418 17357
1514 2378 5555
356 1559 68
255 1435 18331
1979 712 13010
2056 440 8879
1793 598 2073
1335 2136 14849
1906 1839 3959
1944 979 18075
1182 1168 12945
1474 1268 19788
890 1323 11384
786 1822 4859
795 1825 13224
1977 506 618
380 2076 15303
912 981 16763
992 1157 17702
1096 1801 1976
687 2085 19697
2133 1989 9950
932 130 11805
130 1995 13542
664 437 19818
2301 1221 6084
672 2348 608
1347 2383 18184
2235 546 18694
2239 2298 3754
2220 420 18059
2328 753 353
337 1783 3054
1471 2072 18850
43 533 1710
39 2124 8192
489 379 14076
492 801 11892
1279 951 3721
1548 1645 13666
387 810 235
910 19 3412
1426 1000 6328
1618 701 6539
852 1883 8802
2245 2348 18845
773 1002 17316
1135 491 20240
1685 796 20742
664 1705 15469
1733 623 12541
2022 2237 13707
1200 1968 4720
1851 739 5704
2214 432 2608
13 1968 1469
1103 1830 6626
1380 71 9155
1952 445 7032
218 1521 14771
1089 2302 4292
1931 2021 16973
170 335 109
1073 2065 8654
973 124 10996
2127 459 569
1394 1496 7876
263 640 6443
437 374 20627
976 797 14762
1313 2169 10868
101 986 11134
443 1116 16320
768 1175 16419
1561 2148 6771
518 325 3633
1606 361 15013
676 759 1275
1543 1179 6968
1406 227 15571
1304 909 10635
1330 381 14023
1005 883 2678
463 1347 14967
2345 1980 839
527 962 20561
1877 2043 6264
97 609 4896
1414 2190 5327
968 646 4952
161 65 17004
559 242 12949
359 2349 15027
1984 1679 6501
791 1806 13769
784 2111 8003
2068 2143 10898
135 1074 11168
258 2124 1714
576 1824 5692
2357 227 11058
1672 2188 16450
575 309 12404
960 1164 4929
612 1029 13377
46 2221 863
1792 1721 7923
1274 1070 15685
2174 1238 17221
1887 1146 15484
123 2244 13945
1759 2268 13099
268 2097 3786
357 2261 15321
1349 1284 8982
1463 1820 19899
2391 1762 8385
1662 1374 9817
1183 2277 58
1288 387 11032
1347 2104 19163
1750 2320 4419
240 401 138
757 1200 10320
359 2350 610
2319 2212 1745
1398 2173 8419
1534 2398 15481
826 1733 6499
401 492 4529
805 1856 418
492 2205 8886
825 1801 169
1941 1217 12501
1719 729 10211
527 825 17285
1972 2373 17220
408 1240 8646
1390 453 2184
1349 2108 18051
1487 1508 3432
2309 915 217
318 806 2765
1005 1800 6000
800 278 10932
324 905 14341
685 838 3392
1071 1659 10830
1604 308 9426
1093 697 13256
365 1871 9026
1939 677 4498
2014 2050 10351
936 242 16798
1877 1202 9147
1286 1132 10713
1532 915 10568
263 2320 10140
2285 450 15319
1198 1839 15596
1658 1791 8544
350 453 8506
1171 1339 9135
1415 1885 2818
897 1917 14855
1293 1318 5670
1456 965 6166
3 2163 18176
2160 1306 9977
1474 838 1228
1765 1013 15648
526 1626 19911
424 170 12808
1676 2328 15659
1738 31 10885
462 2202 3620
1294 1043 9521
2117 1289 1311
678 37 8946
750 1480 2836
552 656 5148
1459 2019 20639
2108 629 11859
1616 2241 16635
1741 1619 3271
1917 9 11918
395 233 20012
1316 1573 9578
460 191 3343
1809 501 12437
877 1017 18767
379 1867 10143
1606 1143 6163
1664 2313 1120
991 690 1261
590 509 4964
572 548 6265
2133 1282 1869
913 1403 8208
2179 442 7109
928 1830 1950
1195 1699 77
786 1781 20477
236 884 12051
511 1264 9579
1186 2313 17415
906 2021 11703
2272 1200 4758
1172 136 3932
1671 2023 7873
1273 1831 10170
1174 709 10972
1453 996 18523
222 1515 10809
1926 2326 7955
2183 196 6736
1490 1386 7226
969 1811 9315
2167 2242 7837
1367 2174 16211
390 1940 3534
1065 1580 6781
1749 201 3036
766 1794 4335
78 1397 15472
126 2186 19955
129 1028 3731
888 329 2805
252 630 2153
2156 1870 14620
2303 993 1679
2324 203 20941
1836 1690 6542
2098 2068 18797
1514 1293 20773
1015 1588 17765
6 589 9559
1219 1898 9263
2253 26 16923
1402 233 12672
2236 584 3256
258 2314 7661
1376 1864 18873
1357 1010 17538
380 410 12973
97 47 15081
1300 2158 6522
1463 1811 9404
201 2281 13623
928 1000 4234
559 1663 3444
564 1255 9699
1244 1885 7279
793 1703 6525
105 454 8488
1671 2171 6981
465 1851 2437
169 1602 10465
361 150 7505
261 412 2778
2316 1762 18222
1610 2376 9623
2357 252 1194
1384 2009 16141
188 947 3610
966 1731 16222
1682 301 10572
864 839 8915
1220 1974 18838
475 907 18437
961 1472 5588
1278 1897 7713
123 1422 19538
526 1015 4813
1543 1654 19830
2266 86 1433
703 1571 12417
1851 370 3987
1937 430 16130
852 327 18442
1273 1699 19974
2365 2178 11643
1222 231 3241
69 1743 16757
2070 402 1257
169 1041 15896
1306 511 9131
1614 1040 746
111 2197 14952
1834 1239 20580
1273 860 7063
1354 492 4520
1328 1458 9350
863 1064 13746
1419 1003 16078
163 1460 3562
1007 1638 13400
1385 1929 13174
572 1604 4751
1673 1271 11684
1015 1101 7953
1500 2205 2497
1629 1469 20112
406 1231 8271
924 2211 15059
1480 2292 1367
1743 653 18839
639 866 14491
435 1195 446
1904 1429 10475
506 1368 9293
620 1130 8418
337 231 9921
1467 1622 6395
241 543 14024
269 1214 142
1447 141 14620
999 107 2995
1576 1976 4339
166 1520 11801
2172 474 14951
2006 1101 18670
1991 808 15108
1077 55 8736
13 552 15538
1214 2034 6708
1744 2261 15296
1450 349 6702
1376 1303 409
2254 1773 11966
748 921 8947
269 485 15450
956 1718 9382
143 2041 1694
2380 1199 17373
1972 957 17366
1468 2093 18382
1964 1661 8696
1189 493 6140
1171 1999 13297
1995 2229 16890
1819 753 13080
1954 1198 6224
1780 2260 20257
482 597 4500
2000 911 15036
1237 2344 3269
849 2190 14661
1387 1638 6152
866 1774 2949
1089 1069 13231
1784 2113 2492
404 406 5862
1818 283 10612
1195 1199 20095
584 1080 13948
1353 1408 4284
2126 1461 13855
677 746 17823
566 712 1084
154 1048 11305
2080 50 16930
1742 1634 16122
2348 135 14933
1942 2378 14953
2366 1214 11839
650 1143 14463
1325 897 17960
772 992 13651
880 1272 11153
1920 735 8510
175 1612 17765
605 22 18564
1861 983 19951
900 480 17061
492 1993 15384
1403 1405 3932
2024 2144 15288
1400 1614 5325
1127 1807 16364
621 1943 5600
2323 288 5492
1466 1861 1807
1490 2059 16635
1047 2286 20592
402 1370 14272
182 1164 18503
2047 1098 7527
2156 429 15249
1101 1977 10340
1677 1506 15114
1907 1269 10352
1523 649 5495
1895 941 9907
250 1201 17248
1519 1784 16388
202 899 16569
1383 731 9884
1233 1080 15490
59 195 11673
74 1457 10594
2122 1604 7101
723 1277 2970
613 804 4556
393 638 17133
308 457 6011
135 560 20185
917 1625 10388
1069 1677 4047
833 365 8009
1085 1967 2814
2028 1234 14903
648 1756 16795
791 311 14413
1990 2389 4179
1864 732 18437
1370 1951 16604
1524 2174 1958
10 922 18052
399 1876 10075
640 566 15642
1235 1768 15528
1531 262 10161
2048 1692 3028
2351 2310 11626
489 1528 17198
303 1486 7890
1208 2232 15722
895 839 3104
612 1745 11663
1262 319 12860
2031 1522 13870
1412 500 20445
51 1829 13964
765 624 7007
123 1215 16828
287 1751 12860
181 467 20750
392 2378 618
486 137 19220
1819 1124 2291
487 1590 13752
635 259 15028
1232 2309 7931
1674 1501 15142
1461 2052 18824
1974 807 4130
1722 3 5154
2128 1563 6064
1043 1227 9289
271 2153 6156
260 1591 9102
873 2092 3335
2299 2078 2513
2188 220 5462
311 2271 15017
526 2338 10456
1270 1036 16184
1626 898 6255
1627 1175 3298
2373 1193 3639
2079 1399 6112
2058 1092 1662
2169 2183 16079
2183 735 18137
2056 373 12461
2262 2210 4423
452 466 16222
564 2082 11079
934 1217 10897
2003 246 15264
1893 637 19206
1627 2058 18189
1681 1298 3840
1166 2215 18935
1272 1406 17054
1588 2077 6324
1556 1583 4020
1923 980 1551
1487 1092 17517
1781 430 14191
358 1010 8049
1409 377 18376
1536 1854 1798
1380 2320 8147
1540 155 15465
2102 521 1285
249 2354 15010
2288 855 18374
771 317 7826
91 1757 7027
387 1538 5706
248 1215 2437
543 1835 16355
824 1827 5809
1556 592 6438
2376 746 11877
2318 664 7083
1282 1295 20385
1537 2364 15244
336 1112 14878
1652 1693 14995
240 1181 7531
63 1230 17234
1262 1738 11623
1980 589 16589
735 2295 812
1228 431 18225
485 1637 3394
643 2303 9682
37 2023 17170
176 481 6928
1522 560 261
116 385 7019
2026 771 8323
785 2142 1621
726 1189 16686
700 1406 10396
989 367 2070
1179 967 2127
896 516 5627
2162 1529 3468
417 833 4157
613 642 16623
132 2354 14712
1183 1059 17850
1713 2021 18050
1824 2346 2567
1679 497 17234
1748 457 20885
1794 1958 3965
1520 548 11306
92 718 5888
56 1236 9739
1262 391 16743
255 1444 7926
302 1371 17758
1778 1774 11044
300 1046 16332
237 2170 6044
2090 291 14158
1705 127 15183
1406 1376 16005
274 1184 13047
181 1349 9226
1587 850 12154
401 965 803
689 762 14647
968 291 3860
1934 1207 16360
1581 1795 885
870 1948 9564
1899 1694 12792
1605 1647 9134
376 1302 9038
1566 1295 14141
994 1667 13942
2277 1629 2100
861 679 19854
727 1516 2550
2214 571 1719
1425 782 2969
2356 1669 15811
1465 808 19388
550 1312 9913
690 617 2266
2019 1993 16169
1175 1594 8801
846 1844 9310
917 383 7749
209 897 631
633 1264 18775
2082 2254 8840
1803 471 7265
1075 1235 5877
486 114 18759
1355 1698 4778
645 1270 3131
2193 1290 151
2111 1143 1705
1896 2075 8897
751 1864 18068
662 1026 16617
2186 1149 5924
1911 1455 11278
1004 231 378
2050 390 6578
1344 357 11609
205 2176 3510
49 1482 19402
2343 1758 3484
384 2089 6049
1823 1498 10935
453 595 20596
1636 2135 12362
1973 36 19417
863 1289 12753
996 688 16476
1307 469 2337
1034 1417 20664
1131 1965 16594
2032 491 15610
390 2202 20185
2321 2116 6080
1043 1571 16020
1510 141 16362
735 735 2762
376 1540 10325
1878 416 14599
1175 1759 12979
159 2149 10924
1610 1928 16443
2211 1916 5615
1521 2033 19144
559 248 19949
1612 209 20850
1217 2241 16170
31 525 5974
756 2135 15735
131 715 894
2346 701 11209
2095 1652 4282
1449 665 1546
8 497 1902
1417 1462 12236
1790 1714 4478
243 40 3817
1728 416 11167
952 216 16202
1726 2327 15172
2328 896 20781
1791 438 4782
884 642 11204
2244 189 7814
1126 439 16857
1505 179 3969
1646 1301 7276
1282 2200 15473
2211 2213 2085
1233 2395 8336
1768 1111 2955
753 2387 15435
1416 2163 15684
1740 1692 11767
1228 1278 966
354 662 16980
509 2133 1734
844 1050 16645
1215 38 6589
1884 174 1035
1351 2242 7121
1649 1648 7455
1108 1989 19577
1259 1464 5907
892 1845 15087
1403 359 1684
761 2115 19032
413 624 7610
708 628 15496
984 1543 4872
2112 527 6510
1472 779 7819
1931 1173 1970
2316 225 4236
937 1619 15897
792 69 2361
345 1832 13930
1033 2364 18784
1919 1790 17592
183 2012 11970
939 2163 18101
242 1684 5196
1712 2385 13769
1278 1176 6199
1595 2051 16002
535 2294 3062
1952 556 5727
2289 1709 17434
1336 1889 17269
1010 760 17503
2170 1062 19327
2344 1128 5752
945 1402 10110
2032 2200 4710
13 920 11025
901 1369 15503
84 637 19769
172 2046 14287
519 1928 2855
2123 2367 9852
259 2249 12008
413 1666 14327
1437 1921 1160
1894 1553 10998
1212 1560 3437
572 1327 12967
2370 1758 17997
946 222 9439
375 124 2109
500 1165 10705
1198 1452 16860
244 2210 16747
92 1366 15753
2288 1518 4568
1944 15 14886
1349 712 811
1489 1337 7940
923 691 6948
2030 1001 7265
993 237 14291
346 2382 2469
2008 1673 4928
1329 2050 5626
721 1030 18890
1297 1023 17945
33 1669 14144
413 285 16756
763 2249 6544
1827 822 6029
2087 2319 5427
630 210 14068
2126 68 9956
342 1250 3750
1036 408 4301
2072 1670 16228
1522 2184 12287
212 2082 15388
1198 848 8261
313 1649 520
187 1836 11113
327 1465 7352
1612 956 16186
1513 272 1069
1062 430 1228
847 1712 3533
1809 1676 3683
367 736 10447
2017 76 7017
2071 2014 20848
2327 199 1878
751 577 13652
595 344 10638
205 560 8523
1906 391 15598
1138 1164 17320
407 114 20860
367 1327 20366
2184 283 17173
879 2274 6149
1118 1919 512
1724 447 13321
901 118 212
1596 1402 2017
1282 166 14621
962 12 17906
1428 1880 17388
17 639 20783
2143 1283 10862
172 303 19385
2044 1164 335
376 918 16675
2086 373 13993
647 1881 19966
911 623 299
445 92 938
1544 906 6938
465 2215 16503
1898 2283 6296
2265 1646 12376
698 1644 14500
1738 355 13204
2169 1614 1401
739 146 15421
1483 1001 5110
1937 1214 4993
1279 423 8819
1192 1831 19463
1035 97 20045
933 1249 10797
187 39 17243
412 40 5048
1510 37 16498
262 1603 6312
39 941 20013
1926 1181 13881
2007 2330 20659
1570 2319 1776
352 634 19604
2169 34 9297
2070 397 13184
1568 760 17036
1468 721 20135
2081 397 16261
2372 1007 17409
2182 51 18452
647 1350 4154
1279 1720 10158
438 1609 2261
1480 1268 11449
1352 1125 1014
1708 772 7707
555 594 11123
1781 1031 4872
2119 2082 9354
2121 646 18433
1155 1545 4953
1782 1796 11473
449 76 9662
696 1931 20534
91 377 14592
1520 381 19266
727 799 11038
102 1503 4987
421 1955 862
879 1067 5133
1201 696 4037
427 673 14366
189 142 3965
1100 509 17638
2316 2082 6795
1201 2019 16553
401 1218 12056
82 638 11243
314 1795 299
1049 2099 12021
1794 1189 15629
1762 637 9759
1515 2291 301
2281 136 7109
1650 1882 14023
2112 2173 11768
1059 105 7818
2070 590 6873
688 1869 16421
141 1464 7587
1474 675 19760
1316 1252 2917
1185 862 11378
1128 1017 1050
758 1491 1265
1270 1629 3059
1117 1870 6994
1385 1092 847
2381 1809 9354
2382 1492 17072
533 574 20092
1178 1541 4112
856 736 18256
1264 477 6052
1866 809 9049
1651 2323 17756
1062 378 3727
98 13 3123
2064 1140 8234
1423 1342 10856
1344 1484 10686
112 565 2556
2358 2096 7693
1216 226 13157
312 2385 17877
1614 181 13455
1726 653 3241
1923 998 3813
505 1292 16017
1087 633 3113
319 736 248
2138 490 14767
2149 1915 5629
1707 1112 14571
1259 425 1993
669 943 16652
928 1401 12791
1844 1631 16851
423 883 3806
1249 301 9403
802 2350 2429
1902 217 7257
339 1456 17709
1727 2337 6759
754 642 8496
2069 602 10020
345 1977 6064
2156 1253 8808
1369 220 6594
1930 184 2468
421 1130 5887
1937 830 8037
915 541 19084
490 1104 15881
1519 2114 8526
203 1419 19379
964 113 6799
2125 2381 20808
543 1595 3694
1189 1554 4915
693 1285 5976
1885 2234 18883
1894 1555 13229
1360 649 7522
91 405 11498
1049 1400 11865
366 1223 5873
832 1636 13976
1925 1624 7692
538 1060 4603
2182 1145 20588
1993 1290 18096
453 1538 3870
1340 1347 7089
2191 2032 19160
361 1747 7735
1898 122 17195
86 2085 14360
537 247 8353
2062 2002 11339
1705 452 1926
1968 821 12790
2061 1950 20517
295 245 19054
827 1519 17177
1494 938 436
295 309 2471
1717 1274 10837
262 385 10765
640 314 6784
2193 1845 1102
1363 1162 16036
906 437 8409
449 1264 16284
1576 1584 10160
2344 1796 18241
1256 677 16564
1319 549 6787
2195 1052 3695
651 1906 6947
1149 1699 5638
971 724 4820
1505 57 4083
1199 1730 12395
1528 1585 11292
432 2321 19524
1516 1919 9700
2303 1014 17472
1858 1692 14609
1581 2081 9495
2204 1709 16986
1765 2240 6377
1484 190 2109
419 1804 210
1379 2344 8475
627 1802 3113
41 166 20022
867 1817 17421
2351 2247 15768
731 1765 11946
1859 1423 12527
404 140 4144
144 6 3288
2244 239 19732
1957 50 9611
831 2055 16496
347 762 17471
1019 67 20512
695 2085 10340
1275 648 2456
1554 76 18039
618 1502 7016
1219 338 16150
1134 1129 14595
837 956 814
2023 1311 224
1867 2352 10206
1089 2368 1433
1653 1692 15156
5 1105 2851
1653 66 10872
2279 1289 13057
165 671 9147
1615 584 15827
109 875 9529
2081 1679 18173
623 2285 2731
1253 1908 12016
1080 1405 4102
1928 2237 5521
61 2186 1498
719 907 20211
1514 675 14874
938 1073 13509
567 796 16887
1460 2346 15159
2319 2378 2714
1821 164 14252
727 2297 20910
241 2310 15503
667 1546 6138
8 111 11230
2296 1968 15811
908 348 10229
1196 1931 5659
951 2337 7470
429 1181 15985
99 1613 15202
680 1087 19398
2036 156 1436
2197 1866 18403
412 1066 18576
1493 497 1959
568 727 14027
2034 699 3289
1648 1454 1585
1907 2387 13952
584 399 15414
1866 1497 5432
2001 162 18502
1496 2281 18565
64 1995 9731
761 945 17458
2014 714 9473
842 2263 19749
898 478 19861
711 791 9741
866 1057 8830
872 1269 17468
1334 2370 15555
2086 677 258
943 54 4253
2341 975 18893
1428 1740 16048
2118 1832 20299
721 245 16640
1871 1572 12484
2338 1181 3381
1243 1551 16189
562 717 93
1083 2254 10005
1956 1045 13018
152 883 14110
2025 1647 13624
1014 1471 12783
681 1226 15725
2310 1416 17769
1084 2003 20534
1520 2169 8777
1031 243 12654
1006 1650 7708
228 2342 3425
149 2093 1565
1875 1518 7954
1788 1842 18525
1859 1575 13646
2380 2118 4967
553 283 3932
1219 1333 4079
1300 128 2560
395 1570 15801
1113 1957 12675
522 1063 15447
2022 1611 8607
547 538 18203
2398 492 10734
2043 2306 1726
677 149 19269
643 1251 13421
1611 1412 18074
738 1595 17042
973 1068 2036
1617 326 19978
1409 1783 19460
483 313 13181
1802 770 4502
1836 1195 6843
1472 1557 20455
550 2397 13034
1007 1773 19951
1918 1788 15863
1759 1826 15701
2108 98 2516
1984 1011 17045
709 1048 14888
1397 223 14787
827 266 20556
1937 2140 8768
2022 84 8950
2155 1333 15876
70 720 3266
1230 1748 17800
1346 2112 9074
997 922 18538
346 862 1430
754 584 6346
2342 1276 2402
1182 1928 2134
2035 467 7326
1670 272 600
1432 339 10674
397 2121 4034
1096 2153 334
1537 1645 1653
1349 745 8193
255 882 8130
240 2108 19131
647 1458 17915
1680 565 6784
2317 1455 19550
1567 502 5897
390 917 19680
1833 909 20890
668 1657 1709
1653 1715 4122
1928 2033 15375
364 257 16126
945 1270 16993
2173 212 5734
1023 1139 4191
1926 1186 946
1640 2334 15833
1408 683 9852
482 2181 18728
426 2166 20637
355 1255 5623
1421 383 4294
77 1449 19119
2026 291 9747
1262 1040 9726
2310 1888 18288
1562 409 15078
1761 1899 20654
338 2200 6200
83 1115 5495
474 961 7700
71 453 216
2265 2257 2084
735 203 11957
719 827 6841
983 2025 12008
1632 1504 3054
248 830 10721
115 1554 15665
676 1690 8356
1960 1678 20760
1240 707 18772
482 899 20300
1011 2035 505
826 584 7613
1631 867 16511
192 578 10395
1081 1734 1414
545 2358 11958
331 367 18375
1547 1629 17194
643 1728 604
204 8 26
1231 605 10068
1682 1669 16625
1919 913 2201
1018 1609 864
405 117 16709
567 273 10342
2331 883 14256
794 1376 16929
964 1105 4089
65 1285 8164
2080 1033 3807
2289 1203 3025
322 2207 1428
2300 685 8712
1003 2039 374
188 1093 4861
2323 2303 20690
1769 540 3800
973 2236 18928
315 248 15600
1378 1450 17080
360 199 19387
102 1240 6013
336 238 9117
370 2292 9309
1204 895 4214
766 1145 9656
2083 705 18417
1035 1646 20225
1928 2216 18016
1537 1089 20280
951 679 11111
2352 579 5919
1647 2096 12007
693 1827 9092
1741 443 10112
1182 1922 9354
1853 1643 16271
1570 1007 1622
350 1611 19016
1060 313 15471
1021 1044 18233
1382 2247 4691
284 1975 13085
90 866 1182
956 2058 904
662 570 4005
546 1018 2560
697 1447 1252
771 1568 1671
693 1285 14532
1711 1740 10177
1603 313 16811
508 2297 9235
278 2310 7664
737 744 4652
1353 356 18744
116 2035 9712
1938 2274 14624
1643 2267 12114
1877 2305 18567
712 412 801
107 1669 3566
1514 1573 11128
1049 825 20433
708 1018 6604
2218 978 17626
1277 2187 10756
605 1509 2439
1353 1537 15337
1538 1305 14986
349 1708 16499
61 288 19378
836 490 7399
541 2349 7438
1561 2106 15154
1505 1302 242
1777 1244 19761
475 1147 19646
1652 709 2341
265 1407 1560
128 198 20279
2274 2100 8612
434 151 2399
1354 2062 11724
533 644 10429
474 2348 20477
2370 1979 17313
2296 862 6823
1105 39 17308
1217 924 17607
1671 2327 10151
530 1443 2712
840 1138 14232
290 310 3669
935 371 6765
1737 86 9260
1551 99 1297
868 590 1593
2008 1540 19961
1724 1310 3912
1724 889 3109
1585 798 5478
1906 1278 13357
2200 1102 16668
1433 389 20871
1602 2316 9587
1268 1133 9441
472 1589 9971
2234 750 1018
1729 999 12455
1164 1672 8363
1635 890 2334
751 1368 3875
1238 490 4459
933 623 18027
1138 765 1271
1048 1572 5561
1898 1616 10030
1088 843 19482
2128 1446 4103
2077 1744 20550
183 898 13917
1101 1799 5625
2109 1108 13051
1550 1530 10160
2069 770 17955
2353 116 17533
1703 2017 10808
1168 856 18586
1922 760 3878
1758 2149 20332
1462 1768 1037
797 480 17459
93 446 5082
1098 1728 8725
652 1866 15255
1015 1067 1934
1565 1945 17025
2151 522 15908
1094 1382 11663
198 1897 18734
1594 1572 512
1722 1038 17894
698 1185 3027
1582 1209 1347
1692 1107 16698
1986 693 11576
469 1966 4903
1454 630 15510
1669 1287 7005
1097 821 10718
887 1046 16138
1563 1769 14908
113 21 19668
1384 2125 11505
323 1409 14797
2197 1285 20845
1003 1537 7667
1543 1560 12957
1868 2246 1846
985 38 12143
498 1536 16363
1659 1368 529
1859 2050 13498
299 1497 11654
1864 1304 19943
12 301 10704
1268 202 8884
2285 688 17692
1249 1896 15530
1640 2191 11940
1518 200 5637
511 1058 15303
795 426 5895
1726 1914 10142
278 1016 10632
916 1549 17646
557 1334 13756
122 715 10696
2206 688 2191
819 2341 15664
850 229 20616
1445 1829 7164
1662 1660 19
1270 879 16820
1328 2185 10831
2292 2094 9157
772 700 12542
1231 1662 13307
1532 776 9535
2216 908 4392
268 2059 129
1006 1678 11894
368 1926 10686
2036 1247 6697
654 2013 875
2267 1346 4736
195 1279 16163
1687 2274 872
313 690 14040
2378 1126 6320
899 1158 17170
2154 1879 17048
298 1385 17372
1043 350 12169
1536 1339 5706
261 500 4788
1009 138 5421
1305 1741 9468
432 280 2089
672 858 12628
390 1969 5691
2106 1151 4639
1527 2363 1695
883 1745 15191
1663 2286 6991
727 242 10981
109 653 14501
312 539 11538
685 1033 10763
1988 1521 17237
1193 2077 15007
33 1438 6470
2273 1246 13105
638 1355 20216
723 958 6501
1157 1382 16554
435 74 2980
302 1296 12982
2363 2276 10689
83 1962 695
2336 1301 8364
472 958 12605
183 1294 6112
214 938 12434
238 2359 1234
591 412 10170
1073 1858 20350
2263 321 14945
1234 2174 3616
1799 217 8990
858 1547 6891
1433 2084 6143
118 1771 7976
1646 2324 6730
376 1235 12513
1140 330 14204
963 2222 7669
2364 948 15099
2169 914 4645
2082 2210 14923
253 1372 11128
189 2217 17219
2255 855 119
1203 1164 7182
1957 1717 1489
2378 359 4223
1938 2365 9247
1379 206 16189
437 1969 375
2232 1331 12209
1386 941 17969
188 2142 2054
1107 804 8112
2066 301 5927
1281 1953 3744
224 125 12614
1017 134 16031
1095 1367 1293
1048 1395 8897
651 283 16564
28 1488 2383
264 1193 2039
1446 970 6843
1374 1016 13159
924 69 20819
2034 795 15951
445 85 2331
545 1037 16421
549 678 8426
1080 1029 17852
364 2325 996
570 123 9957
1733 1438 14256
1979 2363 1504
2067 1297 7538
939 367 6088
2369 1603 10959
1887 1250 9228
1096 1232 10718
322 1201 17992
1230 1130 11732
641 2241 8885
1857 1563 20593
65 909 18576
567 1822 10122
874 560 3430
1679 746 11951
230 268 12740
234 974 2245
2390 1605 18520
481 2365 12395
1920 345 5934
1890 1291 17487
765 281 15852
2070 1523 9946
1277 112 16726
1347 1562 7284
1807 1809 5669
722 1489 13059
1085 1946 11192
2000 1489 4390
818 64 20228
1566 1312 9330
236 2351 13626
1246 890 12176
2288 509 12378
2221 675 13357
71 1465 6921
1415 2076 6332
98 105 6748
134 887 7553
1640 556 10350
2297 1610 8538
935 2044 2583
